23100023 99866.16 95884.39 -0.27 0.11 0.96 1
23103120 99860.69 99788.57 -0.21 0.13 0.95 3
23112210 99858.46 99786.91 -0.21 0.37 0.82 3
23121301 99859.09 99786.16 -0.16 0.09 0.86 3
23131110 99859.95 99786.27 -0.24 0.28 0.85 3
23200201 99858.98 99786.05 -0.18 0.27 0.94 3
23203232 99858.57 99786.20 -0.26 0.22 0.88 3
23212322 99859.30 99785.63 -0.20 0.18 0.95 3
23222132 99859.43 99783.73 -0.12 0.04 0.93 3
23231222 99859.76 99784.27 -0.10 0.04 0.94 3
23300313 99859.80 99784.56 -0.03 -0.15 1.07 3
23310010 99859.98 99783.90 0.10 -0.27 0.94 3
23313101 99860.77 99784.16 -0.05 -0.09 0.81 3
23322132 99860.36 99784.80 -0.06 -0.13 1.02 3
23331223 99861.09 99784.76 -0.03 0.10 1.07 3
30000320 99860.87 99785.30 -0.03 -0.04 1.08 3
30010011 99860.84 99784.94 -0.07 -0.33 0.90 3
30013102 99861.54 99784.59 -0.14 -0.17 0.83 3
30022200 99860.41 99784.99 -0.06 -0.18 0.95 3
30031231 99860.72 99784.85 -0.05 -0.07 0.83 3
30100321 99860.95 99785.22 0.08 -0.74 0.91 3
30110013 99861.60 99786.34 -0.12 -0.48 0.91 3
30113110 99861.38 99787.28 -0.25 -0.38 0.73 3
30122201 99861.59 99786.64 -0.23 -0.57 0.80 3
30131232 99861.71 99786.39 -0.50 -0.43 0.70 3
30200323 99861.16 99788.09 -0.32 -0.65 0.76 3
30210013 99861.54 99787.85 -0.46 -0.11 1.00 3
30213112 99860.81 99789.22 -0.40 0.44 0.80 3
30222203 99860.98 99789.02 -0.52 0.28 0.73 3
30231300 99862.45 99787.30 -0.26 0.21 0.85 3
30300331 99861.83 99786.80 -0.14 0.23 1.05 3
30310022 99861.74 99786.57 -0.26 0.34 0.80 3
30313113 99863.14 99787.52 -0.26 0.18 0.71 3
30322210 99862.67 99787.59 -0.29 0.16 0.88 3
30331301 99862.94 99787.22 -0.32 0.20 1.09 3
31000332 99862.45 99787.95 -0.34 0.06 0.93 3
31010023 99862.34 99787.88 -0.31 0.07 0.78 3
31020020 99862.64 99787.42 -0.30 0.24 1.04 3
31023112 99862.64 99787.42 -0.18 0.28 0.76 3
31032202 99862.70 99787.62 -0.18 0.26 0.94 3
31101333 99862.40 99787.20 -0.23 0.30 1.09 3
31111031 99862.11 99786.75 -0.37 0.28 0.70 3
31120122 99862.30 99786.41 -0.18 0.21 0.94 3
31123213 99861.88 99786.28 -0.13 0.15 0.95 3
31132310 99861.65 99785.83 -0.29 0.19 0.95 3
31202002 99861.55 99785.67 -0.31 0.25 0.85 3
31211033 99862.27 99786.09 -0.32 0.22 0.85 3
31220130 99861.91 99785.41 -0.23 0.28 0.93 3
31230102 99861.24 99785.28 -0.27 0.23 0.91 3
31233200 99861.90 99785.17 -0.30 0.14 0.87 3
31302231 99861.49 99785.74 -0.30 0.20 1.00 3
31311322 99861.69 99784.35 -0.34 0.16 1.36 3
31321013 99861.14 99784.34 0.16 -0.33 0.93 3
31330110 99862.42 99785.55 0.59 -0.26 0.69 3
31333201 99862.78 99785.27 0.64 0.03 0.60 3
32002232 99861.63 99785.20 0.27 0.11 1.03 3
32011323 99861.51 99785.15 0.36 0.02 1.06 3
32021021 99862.05 99786.52 0.39 -0.15 0.84 3
32030112 99862.47 99786.99 0.42 -0.05 0.73 3
32033202 99862.23 99787.23 0.46 0.22 0.76 3
32102233 99860.38 99787.30 0.40 0.30 0.89 3
32111330 99860.72 99787.39 0.64 -0.04 0.97 3
32121022 99861.94 99787.10 0.56 0.11 0.75 3
32130112 99861.16 99787.73 0.50 0.00 0.64 3
32133203 99860.94 99788.96 0.86 -0.04 0.67 3
32202300 99859.94 99788.12 0.59 0.24 0.81 3
32211332 99860.52 99787.13 0.83 -0.12 0.77 3
32221022 99861.58 99787.73 0.54 -0.04 0.67 3
32230120 99861.77 99787.97 0.65 -0.15 0.80 3
32233211 99861.26 99789.32 0.84 -0.01 0.54 3
32302302 99861.03 99789.55 0.62 -0.07 0.52 3
32311333 99861.66 99788.55 1.31 0.04 0.46 3
32321030 99859.93 99789.68 0.89 0.34 0.94 3
32330121 99859.99 99790.56 -0.08 -0.69 0.39 3
32333212 99860.20 99789.88 -0.56 0.13 0.34 3
33002303 99860.42 99788.53 -0.08 0.33 0.75 3
33012000 99860.04 99788.91 0.09 0.40 1.16 3
33021331 99859.73 99786.90 0.24 0.58 0.71 3
33031022 99860.28 99786.79 0.22 0.61 0.78 3
33100113 99858.91 99786.53 -0.56 0.19 0.71 3
33103310 99859.05 99785.79 0.22 0.29 0.68 3
33113001 99859.16 99785.87 0.21 0.53 0.94 3
33122031 99858.84 99787.47 0.37 0.28 0.64 3
33131223 99858.80 99788.26 0.30 0.37 0.83 3
33200320 99858.05 99788.72 0.25 0.40 0.94 3
33210011 99858.98 99788.08 0.19 0.43 0.94 3
33213102 99859.29 99788.95 0.17 0.35 0.89 3
33222133 99858.42 99788.48 0.26 0.35 0.93 3
33231230 99858.03 99788.93 0.28 0.24 0.94 3
33300321 99858.19 99787.69 0.15 -0.01 0.90 3
33310012 99858.21 99789.14 0.25 0.10 0.97 3
33313103 99858.05 99789.01 0.15 -0.01 1.10 3
33322133 99857.88 99788.16 0.31 -0.19 0.75 3
33332202 99858.20 99787.00 0.31 0.18 1.15 3
100001300 99858.39 99786.97 0.16 0.29 0.88 3
100010330 99858.75 99787.15 0.20 0.21 1.23 3
100020021 99858.75 99788.13 0.10 0.13 1.04 3
100023112 99858.48 99788.84 0.00 0.09 0.88 3
100032203 99859.36 99789.09 0.09 0.18 0.86 3
100101300 99859.48 99789.06 0.12 0.07 1.10 3
100110331 99859.18 99790.87 0.16 0.09 1.03 3
100120022 99858.73 99789.69 0.09 0.01 0.93 3
100123113 99858.76 99790.28 0.10 0.15 0.89 3
100132210 99859.23 99789.39 0.15 0.11 0.95 3
100201301 99859.88 99789.34 0.11 0.09 0.91 3
100210332 99859.24 99787.36 0.14 0.09 0.96 3
100220023 99859.39 99787.38 0.18 0.03 0.85 3
100223120 99859.55 99786.95 0.19 0.09 0.96 3
100232210 99859.88 99784.91 0.18 0.10 1.02 3
100301301 99859.74 99786.05 0.19 0.01 1.11 3
100310333 99859.56 99785.75 -0.12 0.03 0.82 3
100320030 99858.94 99786.06 0.15 0.08 1.03 3
100323120 99859.99 99786.36 0.22 0.18 1.30 3
100332211 99859.79 99784.65 -0.03 0.08 0.69 3
101001303 99859.11 99785.22 0.02 0.15 0.49 3
101010333 99860.07 99785.43 0.18 0.25 1.17 3
101020030 99860.20 99785.14 -0.02 0.49 1.58 3
101023121 99860.06 99783.96 0.24 0.14 1.25 3
101032212 99859.80 99784.58 0.04 0.31 0.69 3
101102112 99860.52 99783.42 0.15 0.19 1.18 3
101111203 99860.24 99783.41 0.04 0.16 0.93 3
101120300 99859.89 99784.21 0.15 0.27 1.00 3
101123331 99859.25 99784.30 -0.01 -0.04 0.73 3
101133022 99860.17 99783.20 -0.09 0.12 0.84 3
101202112 99859.68 99784.28 0.21 -0.05 1.20 3
101211203 99860.53 99785.77 0.25 0.42 1.24 3
101220300 99861.13 99784.23 0.01 0.49 0.34 3
101223331 99860.30 99784.71 0.21 1.62 1.91 3
101233022 99860.34 99784.28 0.34 0.05 1.47 3
101302113 99859.36 99784.56 -0.18 0.05 0.54 3
101311210 99860.85 99784.75 0.18 0.01 0.86 3
101320302 99860.23 99785.92 0.33 0.59 1.24 3
101323333 99859.59 99787.55 0.04 0.29 0.90 3
101333023 99860.04 99788.12 0.37 -0.07 1.25 3
102002120 99860.89 99789.10 -0.11 0.18 0.59 3
102011212 99860.81 99791.05 0.16 -0.03 0.81 3
102020302 99860.34 99793.92 -0.03 0.13 0.99 3
102023333 99860.00 99793.82 0.03 -0.16 0.70 3
102033032 99860.48 99795.02 0.17 0.27 1.34 3
102102130 99860.06 99795.31 0.11 -0.18 0.59 3
102111220 99860.34 99795.34 0.19 0.18 1.27 3
102120311 99860.02 99795.68 0.26 0.20 1.12 3
102130002 99860.71 99796.61 0.22 0.27 1.03 3
102133033 99860.34 99797.71 -0.00 0.12 0.77 3
102202130 99861.11 99799.37 0.09 0.20 0.84 3
102211221 99860.45 99799.16 0.25 -0.22 1.41 3
102220312 99859.55 99798.70 0.05 -0.01 0.77 3
102230003 99859.80 99801.09 0.08 0.03 0.77 3
102233100 99860.29 99800.72 -0.07 -0.18 0.47 3
102302131 99860.20 99801.93 0.06 0.29 0.67 3
102311222 99859.60 99801.34 0.12 0.02 0.73 3
102320313 99860.56 99801.52 -0.14 0.04 0.46 3
102330010 99860.13 99800.60 -0.05 -0.07 0.68 3
102333101 99860.58 99801.54 -0.01 0.08 1.03 3
103002131 99859.55 99802.58 0.12 0.36 1.06 3
103011222 99860.44 99803.67 0.08 0.13 1.05 3
103020313 99861.20 99804.59 -0.22 0.13 0.89 3
103030011 99861.40 99806.30 0.01 -0.02 0.70 3
103033101 99860.69 99806.81 0.20 0.19 0.85 3
103102133 99861.10 99808.53 -0.20 0.25 1.00 3
103111230 99860.13 99809.34 0.08 0.49 1.02 3
103120320 99858.57 99810.38 0.22 0.52 1.00 3
103130012 99859.24 99811.51 0.48 0.07 1.15 3
103133103 99859.64 99812.94 0.19 0.54 1.07 3
103202331 99859.68 99815.16 0.15 0.15 1.33 4
103212021 99859.01 99815.63 0.07 0.08 0.60 4
103221112 99860.06 99817.53 0.11 0.28 1.02 4
103230210 99858.45 99818.77 0.33 0.74 1.47 4
103233300 99859.79 99820.80 0.19 0.57 1.25 4
103303120 99859.96 99821.62 -0.08 0.19 1.02 4
103312211 99859.80 99822.06 -0.04 0.13 0.76 4
103321302 99859.81 99821.39 -0.11 0.18 0.78 4
103330333 99859.41 99824.82 0.08 0.46 1.18 4
110000030 99859.91 99827.14 -0.07 -0.05 0.94 4
110003121 99860.28 99828.82 0.00 0.40 0.84 4
110012211 99858.66 99827.97 0.03 0.33 0.78 4
110021302 99858.80 99827.34 0.09 0.55 0.93 4
110031000 99858.82 99828.95 0.25 0.26 1.02 4
110100031 99859.62 99827.00 0.07 0.59 1.40 4
110103121 99859.76 99826.95 0.16 0.36 0.97 4
110112212 99859.71 99826.52 0.23 0.59 1.08 4
110121310 99859.58 99827.60 0.34 0.14 1.19 4
110131001 99860.48 99827.83 -0.04 0.14 1.01 4
110200032 99859.93 99827.29 -0.08 0.01 0.69 4
110203123 99860.20 99827.29 0.11 0.18 1.01 4
110212213 99860.26 99828.12 -0.07 0.12 0.83 4
110221310 99860.33 99828.07 -0.02 0.25 0.90 4
110231001 99860.98 99827.13 0.09 0.15 1.18 4
110300033 99860.79 99828.37 0.09 0.19 1.10 4
110303130 99860.90 99828.11 0.02 0.10 0.96 4
110312221 99859.59 99829.06 -0.00 0.12 0.95 4
110321312 99859.44 99830.38 -0.32 0.10 1.10 4
110331003 99859.99 99830.65 -0.09 0.19 0.96 4
111000033 99860.21 99831.11 -0.10 -0.02 0.83 4
111003321 99859.42 99832.57 0.02 -0.01 0.82 4
111013012 99859.68 99833.35 0.09 0.16 1.12 4
111022110 99860.52 99832.63 0.05 0.10 1.06 4
111031201 99859.60 99831.13 0.13 0.27 1.17 4
111100232 99859.96 99831.62 -0.20 0.21 0.69 4
111103323 99859.10 99830.13 -0.02 0.14 0.86 4
111113020 99860.05 99831.46 0.07 0.13 1.10 4
111122111 99860.05 99831.27 0.11 -0.00 1.29 4
111131202 99860.46 99831.77 -0.02 0.08 1.14 4
111200233 99858.85 99831.79 -0.00 0.22 1.06 4
111203330 99859.92 99831.86 0.10 0.23 1.21 4
111213021 99860.18 99832.04 -0.07 0.23 1.06 4
111222111 99859.91 99831.48 -0.10 0.26 0.79 4
111231203 99860.41 99831.34 -0.05 -0.09 0.79 4
111300300 99859.77 99831.91 0.16 0.11 1.20 4
111303330 99859.82 99831.55 0.04 0.18 0.85 4
111313021 99860.24 99831.70 -0.04 0.02 0.87 4
111322112 99860.31 99831.94 0.05 0.19 1.24 4
111331203 99858.35 99831.13 0.05 0.32 1.01 4
112000300 99859.92 99830.84 -0.11 0.51 0.91 4
112003331 99859.07 99832.11 -0.06 0.14 0.75 4
112013022 99859.88 99831.62 -0.01 -0.01 1.08 4
112022113 99860.59 99832.53 -0.01 0.01 0.78 4
112031210 99859.80 99832.56 0.03 -0.24 0.68 4
112100301 99860.93 99832.74 -0.01 -0.04 0.86 4
112103331 99861.78 99832.43 -0.26 0.04 0.97 4
112113231 99861.68 99831.48 -0.18 0.13 0.82 4
112122322 99860.68 99831.42 -0.06 0.07 0.87 4
112132013 99860.63 99832.22 -0.04 0.26 1.06 4
112201110 99860.72 99831.53 -0.12 -0.03 0.85 4
112210201 99860.98 99830.95 0.12 -0.07 1.09 4
112213232 99860.77 99831.03 -0.01 0.09 0.83 4
112222323 99861.19 99830.13 0.05 0.03 0.93 4
112232020 99861.55 99829.96 0.04 0.11 1.20 4
112301110 99861.36 99830.66 -0.09 0.05 0.98 4
112310201 99860.68 99830.20 -0.26 0.13 0.76 4
112313232 99860.88 99830.61 -0.03 0.22 1.07 4
112322330 99861.48 99831.73 0.01 -0.03 0.81 4
112332021 99860.57 99831.30 -0.19 -0.06 0.50 4
113001112 99860.68 99829.58 0.08 0.02 1.18 4
113010203 99861.13 99829.67 0.09 0.15 1.18 4
113013300 99860.90 99829.70 0.02 0.19 0.99 4
113022331 99860.40 99828.98 0.00 -0.06 0.65 4
113032022 99861.78 99828.17 -0.15 0.07 0.53 4
113101113 99860.28 99827.66 -0.06 0.05 0.66 4
113110210 99860.84 99828.26 0.01 0.15 0.98 4
113113301 99860.45 99828.74 0.00 0.19 1.05 4
113122332 99860.95 99828.52 -0.06 0.15 0.87 4
113132023 99860.84 99827.93 -0.03 0.13 0.89 4
113201120 99861.11 99827.92 -0.03 0.19 1.04 4
113210210 99861.27 99827.71 0.02 0.16 0.92 4
113213302 99862.00 99828.45 0.00 0.13 0.92 4
113222332 99861.69 99827.49 -0.02 0.07 0.89 4
113232023 99862.30 99828.37 -0.06 0.04 0.79 4
113301120 99862.25 99828.08 -0.11 0.07 0.78 4
113310212 99861.43 99827.77 -0.10 0.11 0.95 4
113313302 99861.41 99827.02 -0.10 0.09 0.85 4
113322333 99861.50 99826.90 -0.16 0.15 0.83 4
113332031 99861.47 99827.11 -0.11 0.11 0.93 4
120001122 99861.40 99826.60 -0.02 0.13 1.11 4
120010212 99861.97 99828.25 -0.15 0.00 0.93 4
120013303 99861.92 99829.40 -0.06 0.02 0.92 4
120023000 99860.80 99829.66 -0.07 0.01 0.99 4
120032031 99860.05 99829.09 -0.04 -0.04 0.98 4
120101122 99860.14 99829.33 -0.05 -0.09 0.86 4
120110212 99860.29 99830.02 -0.03 0.05 1.00 4
120113303 99860.25 99829.53 -0.11 -0.03 1.05 4
120123000 99859.76 99829.06 -0.11 0.13 0.89 4
120132031 99859.80 99829.31 -0.12 0.08 1.02 4
120201122 99859.25 99828.73 -0.06 0.14 0.94 4
120210213 99859.78 99827.77 -0.10 0.02 0.85 4
120213310 99859.91 99828.71 -0.10 0.04 1.19 4
120223001 99859.42 99827.42 -0.02 0.11 1.08 4
120232032 99858.44 99826.94 -0.03 0.02 0.86 4
120301123 99858.78 99828.19 -0.14 -0.03 0.75 4
120310220 99859.31 99828.80 -0.19 0.08 1.11 4
120313311 99858.17 99828.87 -0.20 0.12 0.82 4
120323002 99858.05 99828.97 -0.21 0.07 0.56 4
120332033 99859.49 99829.78 -0.11 0.07 0.90 4
121001130 99858.96 99829.70 0.11 0.10 1.20 4
121010221 99858.48 99828.48 -0.09 -0.09 0.56 4
121013313 99858.82 99828.95 -0.18 -0.15 0.48 4
121023010 99858.29 99829.46 -0.07 0.05 0.94 4
121032101 99858.50 99829.88 -0.03 0.17 1.04 4
121101131 99858.43 99828.65 -0.10 0.05 0.57 4
121110222 99857.91 99828.11 -0.05 0.02 0.86 4
121113320 99857.88 99828.65 -0.10 0.02 1.09 4
121123011 99857.69 99827.73 0.05 -0.06 0.86 4
121132102 99857.65 99828.87 -0.03 0.17 1.02 4
121201133 99857.84 99828.13 0.02 0.25 1.01 4
121210223 99857.13 99828.47 -0.21 -0.06 0.35 4
121213321 99858.30 99829.05 -0.04 -0.06 0.84 4
121223012 99857.98 99828.45 0.00 0.07 0.99 4
121232103 99858.61 99827.70 -0.10 -0.08 0.51 4
121301200 99858.46 99828.68 -0.12 0.09 1.10 4
121310231 99857.89 99827.08 -0.21 0.10 1.08 4
121313321 99857.68 99826.98 -0.07 -0.00 0.81 4
121323013 99858.66 99828.42 -0.06 0.09 0.83 4
121332110 99858.94 99827.95 -0.18 0.02 1.24 4
122001201 99858.41 99827.89 -0.45 -0.15 0.75 4
122010232 99858.09 99827.34 -0.20 -0.26 0.94 4
122013323 99858.69 99825.52 -0.42 0.12 1.22 4
122023021 99857.86 99826.02 -0.24 0.04 1.23 4
122032111 99858.09 99826.16 -0.18 0.29 1.09 4
122101202 99858.99 99825.95 -0.41 0.01 0.74 4
122110233 99859.41 99823.61 -0.16 0.08 1.00 4
122113330 99859.45 99825.71 0.03 0.14 1.24 4
122123021 99858.17 99827.61 0.06 -0.03 1.04 4
122132112 99858.27 99827.06 -0.11 0.14 0.71 4
122201203 99858.86 99825.86 -0.08 0.11 0.91 4
122210300 99859.02 99826.16 -0.11 0.01 1.43 4
122213331 99857.62 99827.57 -0.19 -0.02 0.46 4
122223022 99859.10 99826.94 -0.13 -0.01 0.64 4
122232113 99859.34 99827.54 -0.17 -0.11 1.28 4
122301210 99859.48 99828.67 0.10 0.33 1.31 4
122310301 99859.25 99829.13 -0.30 -0.01 0.72 4
122313332 99858.38 99830.74 -0.01 0.34 0.99 4
122323030 99857.99 99830.17 -0.04 0.35 1.02 4
122332121 99857.90 99830.69 0.03 -0.32 0.49 4
123001212 99858.16 99826.41 -0.28 0.18 0.92 4
123010303 99858.66 99827.05 -0.09 0.17 1.24 4
123020000 99857.72 99828.54 -0.11 0.45 1.55 4
123023031 99857.91 99830.93 0.21 0.13 1.03 4
123032122 99858.22 99830.72 -0.23 0.20 0.79 4
123101213 99857.61 99834.05 -0.11 0.13 1.34 4
123110320 99858.75 99836.38 -0.01 -0.06 0.68 4
123120010 99858.80 99837.51 0.19 0.46 1.18 4
123123101 99858.03 99837.64 -0.18 -0.09 0.99 4
123132133 99857.95 99837.49 -0.40 0.16 1.49 4
123201230 99858.48 99839.16 0.22 0.27 1.58 4
123210321 99858.88 99840.67 0.15 -0.07 1.44 4
123220012 99857.99 99841.12 0.04 -0.01 0.76 4
123223110 99858.47 99840.50 -0.25 -0.10 0.61 4
123232200 99858.29 99841.59 -0.12 -0.33 0.76 4
123302131 99859.23 99840.18 -0.13 -0.02 0.55 4
123311222 99858.93 99839.91 -0.02 0.27 1.18 4
123320313 99859.13 99840.44 0.34 0.31 1.22 4
123330003 99859.08 99841.79 -0.05 0.26 1.15 4
123333100 99858.19 99842.29 0.07 0.09 1.33 4
130002132 99858.11 99843.64 0.01 0.40 0.99 4
130011223 99857.50 99845.44 0.00 0.07 0.45 4
130020320 99858.59 99848.60 0.14 0.22 1.23 4
130030011 99859.24 99848.44 0.20 0.51 1.28 4
130033102 99858.59 99850.31 0.21 0.12 1.44 5
130102133 99858.20 99850.64 -0.04 0.14 1.30 5
130111230 99857.95 99852.45 -0.16 0.19 1.03 5
130120321 99858.33 99853.43 0.22 0.25 0.93 5
130130012 99858.27 99853.95 0.09 0.42 1.27 5
130133103 99857.51 99855.29 0.42 0.52 2.10 5
130202200 99858.25 99856.33 0.26 0.76 1.86 5
130211231 99858.09 99857.97 0.15 -0.06 1.05 5
130220322 99857.16 99858.52 -0.30 0.16 0.24 5
130230012 99857.44 99858.78 -0.18 -0.03 0.29 5
130233111 99857.49 99859.31 -0.34 0.05 0.74 5
130302202 99855.24 99859.52 -0.14 -0.11 1.04 5
130311300 99855.66 99865.36 -0.23 0.24 0.88 5
130320331 99856.73 99867.28 -0.28 0.77 0.98 5
130330021 99857.16 99865.77 -0.22 0.47 0.76 5
130333230 99857.46 99863.37 -0.27 0.37 0.81 5
131002321 99857.98 99863.17 -0.29 -0.07 0.60 5
131012012 99857.17 99861.51 -0.35 0.36 0.71 5
131021203 99857.54 99861.87 -0.29 -0.39 0.34 5
131030300 99857.49 99861.89 0.04 0.22 1.29 5
131033331 99857.55 99861.16 -0.06 0.09 1.01 5
131103122 99858.45 99860.84 -0.03 0.65 1.58 5
131112213 99857.99 99860.98 -0.29 0.15 0.32 5
131121310 99857.82 99861.44 0.28 0.41 0.97 5
131131000 99858.73 99861.49 0.16 0.38 1.87 5
131200032 99857.79 99861.47 -0.18 0.31 1.44 5
131203123 99858.53 99861.13 -0.19 0.23 0.95 5
131212220 99857.73 99860.80 -0.43 0.09 0.74 5
131221311 99859.37 99861.72 -0.26 0.16 0.87 5
131231002 99858.69 99861.48 -0.04 0.11 1.07 5
131300032 99858.72 99861.97 -0.10 -0.02 1.14 5
131310101 99858.97 99860.98 -0.09 0.09 0.76 5
131313132 99858.22 99861.01 -0.12 0.20 1.01 5
131322223 99857.16 99861.83 0.04 0.23 1.33 5
131331320 99857.40 99861.14 -0.26 0.17 0.66 5
132001123 99858.46 99861.05 -0.16 0.15 0.88 5
132010220 99857.41 99861.22 0.00 0.24 1.16 5
132013311 99856.79 99860.80 0.00 0.14 1.11 5
132023002 99856.88 99859.44 -0.13 -0.02 0.89 5
132032033 99856.98 99859.98 -0.20 0.05 0.74 5
132101130 99856.83 99860.20 -0.11 0.11 1.03 5
132110221 99857.60 99859.67 -0.29 0.12 1.22 5
132113312 99857.45 99860.21 -0.05 0.17 1.28 5
132123002 99857.88 99860.03 -0.14 0.36 1.05 5
132132033 99858.81 99860.91 -0.25 0.21 0.72 5
132202102 99857.97 99861.52 -0.04 0.12 1.09 5
132211133 99856.99 99860.92 -0.09 0.04 0.80 5
132220230 99857.08 99861.67 -0.05 0.08 0.93 5
132223321 99856.81 99861.31 0.10 0.13 1.10 5
132233012 99856.43 99861.70 -0.13 0.11 0.96 5
132302103 99856.48 99861.63 -0.06 0.01 1.02 5
132311200 99856.80 99862.03 -0.10 0.10 0.95 5
132320231 99857.59 99861.88 -0.07 0.12 0.89 5
132323322 99856.83 99861.45 -0.08 0.16 1.00 5
132333013 99856.87 99860.95 -0.04 0.13 0.98 5
133002103 99856.29 99860.32 -0.15 0.12 0.96 5
133011200 99856.31 99860.38 -0.12 0.15 1.06 5
133020231 99856.56 99860.45 -0.09 0.12 0.94 5
133023322 99856.99 99860.98 -0.11 0.13 0.86 5
133033013 99857.80 99861.50 -0.09 0.17 0.98 5
133102110 99857.38 99861.73 -0.10 0.13 0.98 5
133111201 99857.50 99862.61 -0.15 0.13 0.92 5
133120232 99857.85 99863.11 -0.04 0.65 1.16 5
133123330 99857.52 99864.27 0.14 0.16 1.17 5
133133021 99857.02 99864.62 -0.16 0.34 0.88 5
133202112 99857.02 99866.30 -0.12 0.14 0.82 5
133211203 99858.07 99866.73 -0.09 0.21 1.04 5
133220300 99857.37 99866.56 -0.11 0.24 1.07 5
133223331 99858.05 99867.98 -0.08 0.22 1.01 5
133233021 99857.05 99867.72 -0.13 0.19 0.84 5
133302310 99857.84 99869.28 -0.11 0.20 0.96 5
133312001 99858.11 99869.94 -0.09 0.21 0.98 5
133321032 99857.50 99869.73 -0.12 0.16 0.88 5
133330130 99857.53 99869.40 -0.11 0.19 0.95 5
133333220 99858.30 99869.13 -0.12 0.18 0.99 5
200002311 99858.44 99869.39 -0.07 0.20 1.00 5
200012002 99858.09 99868.46 -0.03 0.17 1.02 5
200021033 99858.70 99867.27 -0.06 0.11 0.79 5
200030130 99857.54 99866.91 0.04 0.17 0.88 5
200100121 99858.66 99866.42 0.03 0.20 0.98 5
200103212 99858.03 99867.30 0.01 0.42 1.22 5
200112302 99858.98 99865.86 0.39 -0.10 0.87 5
200122100 99857.39 99864.92 0.12 0.18 1.07 5
200131131 99857.88 99863.61 0.10 0.32 0.83 5
200200222 99857.91 99863.66 0.07 0.20 0.99 5
200203313 99857.90 99864.31 -0.05 0.13 0.76 5
200213010 99857.95 99864.78 -0.03 0.30 1.02 5
200222101 99858.12 99864.87 0.04 0.10 0.97 5
200231132 99857.77 99863.39 0.02 0.10 0.84 5
200300223 99857.64 99863.05 0.13 0.23 0.91 5
200303321 99857.55 99862.81 0.05 0.05 0.93 5
200313012 99857.41 99862.82 -0.01 0.04 0.93 5
200322110 99858.58 99862.54 -0.04 0.16 0.94 5
200331201 99858.67 99862.52 -0.05 0.13 0.96 5
201000232 99858.30 99864.27 -0.03 0.18 0.90 5
201003323 99858.88 99863.48 -0.05 0.23 1.04 5
201013020 99859.53 99863.33 -0.02 0.19 0.94 5
201022111 99859.48 99862.63 -0.11 0.16 0.83 5
201031202 99858.59 99863.52 -0.04 0.07 0.84 5
201100300 99858.56 99863.38 0.05 0.19 1.07 5
201103331 99858.09 99862.55 -0.04 0.10 0.93 5
201113021 99858.70 99862.70 0.16 0.10 0.86 5
201122112 99858.74 99861.98 -0.20 0.15 1.01 5
201131210 99859.19 99862.95 -0.03 0.06 0.96 5
201200301 99859.09 99862.53 -0.01 0.13 0.97 5
201203332 99858.52 99861.92 0.03 0.06 0.96 5
201213022 99859.30 99861.14 -0.07 0.11 0.90 5
201222113 99859.77 99861.50 0.13 0.15 0.79 5
201231210 99859.53 99861.70 -0.11 0.19 0.99 5
201300301 99859.05 99861.38 0.09 0.43 1.21 5
201303331 99858.30 99861.80 0.37 0.46 0.85 5
201313323 99859.30 99862.98 0.67 0.00 0.84 5
201323013 99859.42 99863.03 0.74 0.12 0.37 5
201332110 99859.61 99864.09 0.80 -0.19 0.59 5
202001201 99859.84 99862.57 0.67 -0.21 0.43 5
202011010 99859.86 99863.30 1.08 -0.05 0.46 5
202020101 99859.47 99862.94 0.54 0.24 1.02 5
202023132 99858.42 99863.30 0.39 0.07 1.05 5
202032223 99858.59 99863.23 0.32 -0.01 0.61 5
202101320 99859.18 99861.09 0.66 0.32 0.90 5
202111011 99859.59 99863.13 0.33 0.08 0.90 5
202120102 99858.66 99863.68 0.12 -0.08 0.77 5
202123200 99857.55 99863.75 0.43 -0.01 1.10 5
202132231 99857.65 99863.84 0.11 0.09 0.88 5
202201322 99857.02 99865.97 0.17 0.14 0.84 5
202211012 99857.27 99865.75 0.12 0.01 0.99 5
202220103 99858.27 99866.50 0.45 0.05 0.89 5
202223200 99858.40 99865.78 0.42 -0.14 0.98 5
202232231 99858.29 99866.00 -0.13 -0.10 0.94 5
202301322 99857.58 99865.70 0.29 -0.29 0.74 5
202311013 99857.53 99865.89 0.15 0.06 0.81 5
202320110 99857.95 99866.38 0.27 -0.02 0.96 5
202323201 99857.61 99866.42 0.18 -0.08 1.01 5
202332232 99857.69 99866.83 0.15 -0.05 1.10 5
203001323 99857.28 99866.52 0.21 0.01 0.99 5
203011020 99857.20 99865.94 0.14 0.03 0.86 5
203020110 99857.88 99865.75 0.33 -0.17 0.82 5
203023201 99857.61 99866.53 0.15 0.09 0.88 5
203032232 99857.47 99864.70 0.19 -0.07 1.22 5
203101330 99857.89 99865.08 0.15 -0.00 0.90 5
203111021 99858.56 99864.47 0.14 0.01 0.92 5
203120112 99858.52 99863.59 0.09 0.05 0.89 5
203123203 99858.57 99863.60 0.17 0.02 0.95 5
203132300 99859.28 99862.88 0.10 -0.08 0.93 5
203201331 99858.67 99864.67 0.19 -0.10 1.04 5
203211022 99858.99 99864.47 0.12 -0.23 0.86 5
203220113 99859.54 99864.66 0.13 -0.13 0.83 5
203223210 99858.59 99864.06 0.19 -0.08 0.87 5
203232301 99858.34 99863.75 0.18 -0.02 0.98 5
203301332 99858.23 99864.47 0.07 -0.03 0.83 5
203311023 99858.50 99864.17 0.12 -0.05 0.97 5
203320120 99858.39 99863.21 0.07 -0.09 0.84 5
203323211 99859.34 99864.52 0.28 0.05 1.05 5
203332302 99858.59 99864.74 0.34 0.08 0.99 5
210001333 99858.58 99865.08 0.22 0.01 0.90 5
210011030 99858.68 99864.92 0.16 -0.18 0.74 5
210020121 99858.64 99864.41 0.18 -0.10 0.83 5
210023212 99857.56 99864.23 0.13 -0.05 1.13 5
210032303 99858.16 99864.77 0.15 -0.06 1.19 5
210102000 99859.08 99863.46 0.26 -0.02 1.14 5
210111031 99858.43 99864.27 0.20 -0.13 0.91 5
210120122 99858.14 99863.16 0.15 -0.22 0.44 5
210123213 99857.68 99863.70 0.07 -0.11 0.54 5
210132303 99859.09 99864.25 0.23 0.22 1.04 5
210202000 99859.22 99864.13 0.11 0.13 1.07 5
210211031 99858.14 99863.91 0.04 -0.15 0.73 5
210220122 99857.80 99863.37 -0.18 0.00 0.93 5
210223213 99857.70 99863.08 -0.10 0.00 1.02 5
210232303 99855.20 99863.19 0.08 -0.18 0.96 5
210302000 99856.54 99862.46 -0.05 -0.03 0.75 5
210311031 99856.86 99862.45 -0.02 -0.06 0.76 5
210320122 99857.97 99861.34 0.18 0.09 1.03 5
210323220 99857.73 99857.48 0.01 -0.00 0.83 5
210332311 99858.16 99857.73 0.05 0.01 1.00 5
211002002 99857.88 99860.64 0.19 -0.10 1.16 5
211011033 99858.97 99863.77 -0.01 0.02 0.62 5
211020131 99859.05 99863.98 0.03 -0.05 0.49 5
211023221 99858.42 99863.95 0.15 0.02 1.09 5
211032312 99858.27 99862.42 0.26 0.06 0.95 5
211102010 99857.69 99863.23 0.09 0.16 0.37 5
211111100 99857.16 99863.06 0.34 -0.25 0.87 5
211120132 99858.79 99862.48 -0.06 -0.03 0.79 5
211123222 99858.45 99861.70 0.21 -0.11 1.14 5
211132313 99857.95 99863.05 0.26 0.16 1.08 5
211202322 99858.32 99863.44 0.23 0.04 0.91 5
211212013 99858.40 99864.26 0.05 0.27 1.05 5
211221110 99856.99 99865.53 0.17 -0.38 0.84 5
211230201 99857.82 99866.73 0.31 -0.20 0.99 5
211233232 99858.27 99867.05 -0.02 -0.33 0.73 5
211302323 99857.68 99867.78 -0.36 0.11 0.57 5
211312020 99857.95 99868.45 0.34 -0.15 1.04 5
211321111 99857.31 99871.73 -0.19 -0.02 0.67 5
211330202 99856.97 99871.55 0.27 0.10 0.87 5
211333300 99856.40 99872.50 0.35 0.23 0.69 5
212002330 99857.22 99874.50 -0.18 -0.03 0.35 5
212012021 99857.44 99874.45 0.21 0.08 1.40 5
212021112 99856.71 99875.10 0.13 0.20 0.82 5
212030203 99857.30 99876.12 0.21 -0.13 0.51 5
212033300 99856.71 99878.68 0.09 -0.49 0.45 5
212102331 99856.80 99879.13 0.39 0.13 0.92 5
212112022 99856.71 99880.58 0.19 -0.23 1.11 5
212121113 99857.28 99879.89 0.23 -0.03 1.08 5
212130203 99858.09 99879.17 0.18 0.25 1.04 5
212133302 99858.80 99880.06 -0.11 0.52 0.77 5
212203000 99857.86 99880.92 0.02 -0.40 0.45 5
212212030 99857.15 99882.01 0.03 0.28 0.75 5
212221121 99857.88 99881.50 0.32 -0.31 1.26 5
212230213 99857.38 99881.99 0.39 0.46 1.31 5
212233310 99858.28 99883.09 0.55 -0.03 0.86 5
212303001 99857.49 99885.38 0.12 -0.13 0.23 6
212312032 99857.25 99887.05 0.04 0.54 1.20 6
212321123 99857.15 99888.05 0.54 0.41 1.71 6
212330220 99857.31 99889.04 0.16 0.61 1.59 6
213000211 99858.18 99890.60 0.12 0.22 0.94 6
213003301 99858.42 99890.52 0.04 0.42 0.81 6
213012332 99858.05 99892.64 0.19 0.35 1.16 6
213022022 99857.35 99894.69 0.13 0.23 1.44 6
213031232 99856.91 99895.35 0.15 -0.26 0.44 6
213100323 99857.95 99896.27 0.32 -0.12 1.03 6
213110020 99857.85 99898.33 0.03 -0.15 0.31 6
213113211 99858.23 99900.00 0.03 0.52 0.82 6
213122302 99857.89 99899.93 0.37 0.03 1.21 6
213131333 99858.02 99900.11 0.10 0.21 1.03 6
213201030 99857.70 99899.29 -0.04 0.10 0.89 6
213210121 99858.88 99903.13 0.08 0.08 0.99 6
213213211 99858.65 99903.94 -0.01 0.18 0.97 6
213222302 99857.91 99901.03 0.08 -0.31 0.68 6
213231333 99857.55 99900.09 0.19 0.05 0.91 6
213301030 99858.41 99899.39 0.05 0.47 0.96 6
213310121 99858.30 99901.07 0.30 0.19 1.37 6
213313212 99858.07 99900.97 -0.23 -0.04 0.91 6
213322310 99858.33 99898.79 0.18 0.22 1.19 6
213332000 99857.80 99897.93 0.19 0.05 1.12 6
220001032 99857.60 99897.53 0.24 0.18 0.94 6
220010123 99858.52 99898.47 0.05 0.47 0.86 6
220013220 99859.45 99898.89 0.21 -0.01 1.21 6
220022311 99859.09 99898.72 -0.04 0.14 0.78 6
220032002 99858.72 99900.79 0.20 0.24 1.03 6
220101033 99858.52 99901.28 0.19 0.34 1.19 6
220110130 99856.98 99898.86 -0.02 0.12 0.62 6
220113221 99857.36 99899.27 -0.11 0.11 0.49 6
220122312 99858.47 99899.86 0.15 0.23 1.17 6
220132003 99858.60 99899.03 0.09 -0.08 0.82 6
220201100 99858.17 99899.66 0.06 0.42 1.08 6
220210130 99857.90 99900.12 0.26 0.16 1.19 6
220220012 99857.54 99899.33 0.09 0.38 1.05 6
220223103 99858.41 99898.59 -0.06 0.05 0.76 6
220232200 99857.99 99900.44 0.18 0.21 1.03 6
220301331 99857.36 99899.39 0.27 0.13 1.12 6
220311022 99858.02 99900.19 -0.00 0.11 0.90 6
220320113 99858.30 99899.78 -0.01 0.25 1.14 6
220323210 99857.25 99898.77 0.20 0.20 1.14 6
220332301 99857.77 99899.50 -0.15 -0.07 0.86 6
221001332 99857.52 99899.40 -0.16 0.05 0.58 6
221011023 99856.98 99899.22 -0.04 0.14 0.82 6
221020120 99857.34 99898.17 -0.02 0.21 0.97 6
221023211 99857.27 99898.38 0.04 0.31 1.03 6
221032302 99857.54 99899.47 0.00 0.13 0.98 6
221101333 99857.83 99900.14 0.12 0.15 1.05 6
221111030 99857.20 99899.48 -0.04 0.21 0.78 6
221120121 99857.46 99898.13 0.12 0.24 1.11 6
221123212 99856.94 99898.66 0.04 0.28 0.95 6
221132303 99856.25 99899.87 -0.02 0.21 0.85 6
221202000 99857.45 99900.46 0.07 0.39 0.98 6
221211031 99857.06 99900.31 0.12 0.28 0.93 6
221220122 99856.57 99899.44 0.21 0.35 1.05 6
221223213 99857.21 99898.03 0.01 0.06 0.82 6
221232310 99857.41 99897.78 0.07 0.28 0.96 6
221302001 99858.02 99899.06 0.17 0.19 1.07 6
221311032 99858.55 99901.02 0.12 0.23 1.02 6
221320123 99858.16 99902.77 0.10 0.20 0.87 6
221323220 99858.22 99900.99 -0.03 0.21 0.79 6
221332310 99858.27 99900.91 0.05 0.22 0.88 6
222002001 99857.70 99901.59 0.21 0.27 1.03 6
222011301 99857.99 99901.81 0.15 0.20 0.98 6
222020332 99857.62 99898.61 0.13 0.19 0.92 6
222030023 99856.12 99897.85 0.15 0.13 0.80 6
222033120 99856.34 99898.78 0.06 0.16 0.69 6
222102323 99856.27 99897.23 0.11 0.14 0.86 6
222112020 99856.49 99896.19 0.24 0.33 1.14 6
222121111 99856.66 99895.67 0.03 0.19 0.87 6
222130202 99856.52 99896.19 0.00 0.09 0.73 6
222133233 99856.98 99896.77 0.32 0.16 1.01 6
222202330 99856.98 99895.38 0.34 0.29 0.99 6
222212021 99856.55 99895.13 0.21 0.09 0.78 6
222221111 99855.52 99897.19 0.28 0.00 1.01 6
222230202 99856.12 99897.22 -0.44 -0.51 0.71 6
222233233 99856.56 99897.98 -0.23 -0.42 0.61 6
222302330 99855.98 99897.84 -0.00 -0.43 1.12 6
222312021 99856.01 99898.34 0.06 -0.28 1.02 6
222321112 99855.63 99897.03 0.25 -0.09 0.87 6
222330203 99856.20 99896.04 0.11 0.33 0.64 6
222333300 99856.40 99896.45 0.55 0.32 0.55 6
223002330 99856.02 99895.55 0.76 0.62 0.73 6
223012021 99855.92 99895.18 0.51 0.36 0.64 6
223021112 99856.11 99894.72 0.70 0.20 0.94 6
223030203 99855.97 99895.43 0.59 0.22 0.65 6
223033300 99857.05 99895.49 0.39 0.12 0.74 6
223102331 99856.02 99895.46 0.34 0.10 0.82 6
223112023 99855.11 99896.36 0.28 0.07 0.81 6
223121113 99855.68 99897.16 0.33 0.02 0.76 6
223130211 99856.18 99897.40 0.28 0.14 0.80 6
223133302 99856.05 99896.88 0.27 0.18 0.93 6
223202332 99855.73 99896.62 0.35 0.21 0.96 6
223212023 99856.17 99897.57 0.28 0.49 0.88 6
223221120 99855.58 99898.00 0.35 0.18 1.12 6
223230211 99854.82 99897.59 0.38 0.17 0.99 6
223233302 99854.92 99896.80 0.25 0.11 0.68 6
223302333 99855.13 99897.00 0.27 0.08 0.94 6
223312030 99855.41 99898.06 0.33 0.11 0.87 6
223321121 99855.59 99897.53 0.13 -0.01 0.70 6
223330212 99855.88 99896.02 0.29 0.03 1.09 6
223333303 99855.23 99894.89 0.29 0.22 1.08 6
230003000 99855.06 99895.52 0.30 0.20 0.99 6
230012031 99854.28 99895.04 0.26 0.16 1.10 6
230021122 99855.05 99895.11 0.21 0.15 0.83 6
230030213 99854.46 99893.94 0.32 0.07 0.89 6
230033310 99855.36 99894.43 0.28 0.13 0.84 6
230103000 99854.98 99894.88 0.28 0.10 0.86 6
230112031 99854.80 99894.92 0.27 -0.05 0.94 6
230121223 99853.74 99895.53 0.30 0.05 0.92 6
230130320 99854.62 99896.36 0.25 0.00 0.95 6
230200011 99855.17 99896.47 0.27 0.04 1.02 6
230203102 99854.55 99895.73 0.26 0.15 1.06 6
230212133 99854.22 99895.67 0.26 -0.01 0.88 6
230221230 99855.30 99895.72 0.22 0.07 0.75 6
230230321 99854.56 99895.70 0.38 0.32 0.99 6
230300012 99854.97 99895.44 0.20 0.01 0.85 6
230303103 99854.36 99896.09 0.25 0.12 0.92 6
230312200 99854.08 99896.05 0.29 0.19 1.06 6
230321231 99853.58 99896.16 0.35 0.09 1.09 6
230330322 99854.17 99894.96 0.20 0.07 0.87 6
231000013 99855.34 99894.66 0.13 0.06 0.70 6
231003110 99855.00 99894.93 0.27 0.33 1.12 6
231012201 99855.02 99896.65 0.37 0.00 1.03 6
231021232 99855.16 99896.23 0.23 0.03 0.82 6
231030323 99853.95 99894.66 0.34 -0.03 0.97 6
231100020 99854.86 99894.91 0.31 -0.11 1.01 6
231103111 99855.58 99895.41 0.30 -0.16 0.87 6
231112203 99855.05 99895.27 0.30 0.06 0.86 6
231121233 99855.74 99895.45 0.10 0.07 0.94 6
231130330 99854.72 99894.92 0.30 0.08 0.86 6
231200022 99854.67 99895.12 0.29 0.13 0.88 6
231203112 99854.44 99896.53 0.29 0.09 0.96 6
231212203 99854.06 99896.02 0.16 -0.07 0.78 6
231221300 99854.05 99894.93 -0.00 0.30 0.87 6
231230331 99854.95 99892.36 0.11 -0.03 0.71 6
231300022 99855.28 99892.56 0.02 0.13 1.08 6
231303113 99856.07 99893.62 0.35 0.27 1.17 6
231312210 99855.47 99894.04 -0.01 -0.05 0.69 6
231321302 99855.48 99894.03 0.20 0.35 1.31 6
231330333 99855.42 99896.18 0.32 0.03 1.11 6
232000030 99855.56 99895.87 0.13 -0.29 0.51 6
232003121 99856.52 99898.34 0.18 0.26 0.84 6
232012212 99856.34 99897.84 0.39 0.28 1.26 6
232021302 99855.58 99896.24 0.21 0.45 1.26 6
232030333 99855.98 99896.41 0.08 0.02 0.46 6
232100030 99856.11 99897.13 0.24 0.46 0.83 6
232103122 99855.23 99897.11 0.15 -0.11 0.59 6
232112212 99855.64 99896.27 0.10 0.14 0.62 6
232121303 99857.12 99897.41 0.43 0.32 1.08 6
232131000 99855.37 99898.11 0.29 0.20 1.29 6
232200031 99855.41 99899.50 0.19 0.30 0.95 6
232203122 99855.13 99900.40 0.12 0.09 1.04 6
232212213 99857.06 99902.08 0.19 -0.23 1.01 6
232221310 99855.03 99903.74 0.29 0.78 0.97 6
232231001 99855.49 99903.27 0.26 0.15 1.17 6
232300031 99855.09 99905.80 0.31 0.21 1.32 6
232303122 99855.23 99907.23 0.57 0.53 1.28 6
232312213 99854.67 99908.88 0.19 0.36 0.70 6
232321310 99855.25 99910.80 0.24 0.34 1.46 6
232331001 99856.08 99910.57 -0.06 -0.02 0.28 6
233000032 99856.21 99912.62 0.53 0.37 1.22 6
233003123 99857.39 99914.47 0.61 0.46 1.59 6
233012221 99856.89 99915.55 0.18 0.03 1.07 6
233021312 99857.29 99916.46 0.21 0.08 1.41 6
233031002 99856.41 99916.53 0.04 0.02 0.89 6
233100033 99856.20 99916.79 0.05 -0.08 1.09 6
233103130 99856.99 99916.16 0.09 0.03 0.99 6
233112221 99856.95 99917.35 0.12 0.16 1.19 6
233121312 99855.77 99917.66 -0.04 -0.19 0.91 6
233131002 99856.59 99918.67 -0.05 -0.09 0.53 6
233200033 99856.71 99916.78 -0.01 0.07 0.69 6
233203130 99855.76 99917.95 0.06 -0.01 1.07 6
233212221 99855.84 99921.02 0.31 0.18 1.09 6
233221312 99856.75 99923.51 0.59 -0.14 1.16 6
233231003 99856.01 99923.48 -0.13 0.01 0.69 7
233300101 99856.10 99924.27 0.17 -0.16 0.70 7
233303131 99856.48 99924.17 0.14 0.21 0.90 7
233313201 99856.91 99926.22 -0.07 -0.51 0.68 7
233322232 99856.45 99927.13 0.30 0.15 1.62 7
233331323 99855.68 99930.13 0.04 0.17 1.31 7
300001020 99856.76 99932.61 0.54 0.50 1.60 7
300010111 99856.87 99932.05 0.13 -0.32 0.29 7
300013203 99856.98 99933.44 -0.37 -0.47 -0.73 7
300022300 99857.21 99934.81 0.12 0.11 0.26 7
300031331 99857.16 99935.29 0.72 0.08 0.82 7
300101021 99857.55 99936.48 0.49 0.27 1.74 7
300111012 99858.04 99936.38 -0.09 0.06 0.36 7
300120103 99857.33 99936.34 0.19 0.20 1.26 7
300123133 99856.94 99935.13 -0.09 0.05 1.13 7
300132331 99857.02 99941.64 0.10 0.07 1.04 7
300202022 99856.76 99941.85 0.06 -0.09 0.83 7
300211113 99856.63 99941.17 0.32 0.21 1.25 7
300220203 99856.59 99939.42 0.28 0.25 1.02 7
300230013 99856.36 99938.41 0.11 0.03 0.80 7
300233103 99855.80 99938.33 0.19 0.20 0.95 7
300302200 99856.33 99938.22 0.19 0.28 0.88 7
300311231 99856.02 99935.63 -0.09 0.24 0.73 7
300321100 99856.22 99935.66 -0.18 0.19 0.66 7
300330131 99856.44 99936.05 0.12 0.17 0.95 7
300333222 99855.86 99937.03 0.27 0.50 1.37 7
301002320 99855.93 99936.73 0.13 0.12 1.01 7
301012010 99857.44 99936.19 0.14 0.33 1.03 7
301021101 99857.41 99937.30 0.09 0.45 1.04 7
301030132 99856.84 99937.62 0.01 0.37 0.98 7
301033223 99855.87 99936.40 0.28 0.18 1.15 7
301102320 99855.28 99935.97 0.52 0.28 1.17 7
301112011 99855.06 99937.85 0.02 0.03 0.61 7
301121102 99855.37 99936.66 0.16 0.17 0.93 7
301130133 99856.03 99936.69 -0.06 0.16 0.81 7
301133230 99856.45 99937.16 -0.01 0.36 1.11 7
301202321 99857.09 99936.20 0.08 0.14 1.27 7
301212011 99855.14 99935.79 0.21 0.17 1.05 7
301221102 99854.47 99936.65 0.22 0.26 1.27 7
301230133 99855.27 99937.38 0.06 0.10 0.71 7
301233230 99855.64 99934.55 0.01 -0.02 0.58 7
301302321 99855.13 99935.34 0.15 0.14 1.07 7
301312012 99855.44 99935.68 0.14 0.38 1.39 7
301321103 99855.77 99935.62 0.08 0.11 0.86 7
301330200 99855.71 99934.03 -0.06 0.10 0.71 7
301333232 99855.02 99934.56 0.13 0.19 0.93 7
302002322 99855.20 99935.25 0.17 0.13 0.87 7
302012020 99855.83 99935.09 0.13 0.15 0.81 7
302021111 99856.00 99935.73 0.08 0.04 0.71 7
302030202 99856.14 99935.70 -0.05 0.36 0.98 7
302033300 99856.08 99935.53 0.16 0.25 1.04 7
302102330 99856.60 99935.80 0.07 0.13 0.62 7
302112022 99855.94 99936.48 0.16 0.05 0.92 7
302121113 99856.59 99936.65 0.12 0.08 0.85 7
302130203 99856.23 99935.66 -0.03 0.19 0.79 7
302133300 99855.46 99935.52 0.28 0.28 1.14 7
302202332 99854.86 99935.16 -0.05 0.12 1.04 7
302212022 99855.09 99935.58 -0.02 0.12 1.00 7
302221113 99855.24 99936.60 0.29 0.15 1.17 7
302230210 99855.91 99936.20 0.23 0.14 1.10 7
302233301 99856.54 99935.10 0.15 -0.01 0.44 7
302302332 99856.55 99935.18 -0.08 0.07 0.53 7
302312022 99856.05 99935.38 0.15 0.21 1.06 7
302321130 99855.23 99935.62 -0.12 0.21 1.01 7
302330221 99855.04 99935.72 -0.05 0.06 0.48 7
302333311 99854.78 99935.89 0.15 0.25 0.83 7
303003002 99855.59 99936.56 0.17 0.03 1.05 7
303012033 99854.94 99936.80 0.01 -0.02 0.93 7
303021130 99855.40 99937.34 0.11 0.20 0.96 7
303030221 99855.64 99936.60 -0.03 0.14 1.07 7
303033312 99855.44 99936.17 -0.19 0.05 0.89 7
303103003 99856.11 99935.73 0.12 0.22 1.26 7
303112100 99856.17 99936.14 0.27 0.23 1.22 7
303121131 99855.66 99936.95 0.16 0.06 1.18 7
303130222 99856.07 99935.83 0.18 0.19 1.08 7
303133313 99854.48 99936.23 0.12 0.01 0.68 7
303203010 99855.83 99935.45 0.01 0.22 1.08 7
303212101 99856.05 99936.22 0.12 0.32 1.05 7
303221132 99854.84 99936.55 0.08 0.19 0.75 7
303230223 99856.23 99936.25 -0.05 0.07 0.50 7
303233320 99855.63 99935.92 0.21 -0.08 0.95 7
303303011 99854.51 99935.39 0.11 0.18 0.97 7
303312102 99854.78 99937.20 0.10 0.14 0.85 7
303321133 99855.97 99937.33 0.10 0.35 1.21 7
303330230 99855.59 99936.98 -0.01 0.21 0.92 7
303333321 99854.58 99937.03 -0.02 0.22 0.77 7
310003012 99855.11 99935.14 -0.05 0.17 0.60 7
310012103 99854.57 99936.41 0.28 0.29 1.18 7
310021200 99855.48 99936.56 0.09 0.17 0.86 7
310030231 99854.87 99936.22 0.25 0.27 0.96 7
310033321 99854.80 99936.16 0.16 0.14 0.86 7
310103012 99854.61 99937.13 0.02 0.10 0.73 7
310112103 99855.50 99936.70 0.16 0.23 0.98 7
310121200 99854.48 99937.06 0.01 0.23 0.81 7
310130231 99854.57 99937.31 0.07 0.05 0.65 7
310133322 99854.39 99936.70 0.15 0.24 0.92 7
310203013 99856.35 99937.23 0.23 0.28 1.04 7
310212110 99855.59 99937.29 0.17 0.11 1.05 7
310221201 99855.94 99936.84 0.13 0.13 0.77 7
310230233 99856.09 99936.39 0.26 0.26 1.06 7
310233323 99855.30 99936.49 0.17 0.14 0.81 7
310303020 99856.34 99936.32 0.12 0.13 0.86 7
310312111 99856.10 99936.59 0.11 0.34 1.04 7
310321202 99855.84 99936.31 0.15 0.26 1.28 7
310330233 99856.02 99937.89 0.16 0.29 1.16 7
310333330 99856.42 99937.13 0.12 0.20 0.90 7
311003021 99855.81 99937.30 0.15 0.18 0.79 7
311012111 99856.00 99937.52 0.16 0.22 0.93 7
311021202 99855.78 99938.13 0.15 0.18 0.95 7
311030233 99855.77 99938.23 0.18 0.21 0.95 7
311033330 99855.31 99938.68 0.16 0.16 0.91 7
311103021 99855.11 99937.14 0.16 0.19 0.92 7
311112112 99855.65 99936.80 0.14 0.17 0.92 7
311121203 99854.59 99935.09 0.14 0.18 0.89 7
311130300 99854.73 99936.99 0.16 0.17 0.97 7
311133331 99855.02 99936.16 0.16 0.19 0.92 7
311203023 99854.75 99936.40 0.18 0.21 0.93 7
311212120 99854.76 99935.94 0.13 0.19 0.89 7
311221210 99853.37 99936.05 0.16 0.24 0.95 7
311230301 99854.27 99936.58 0.22 0.20 0.97 7
311233332 99853.78 99935.90 0.20 0.22 0.92 7
311303022 99853.75 99935.42 0.16 0.25 1.01 7
311312123 99853.42 99934.86 0.19 0.25 0.79 7
311321221 99853.81 99934.99 0.19 0.18 0.97 7
311330312 99853.63 99935.22 0.19 0.22 0.94 7
312000003 99853.41 99936.13 0.13 0.02 1.08 7
312003100 99854.07 99936.61 0.06 0.35 1.09 7
312012130 99855.04 99935.84 0.18 0.32 1.04 7
312021221 99854.02 99935.81 0.26 0.15 0.75 7
312030312 99854.70 99935.27 -0.02 0.28 0.67 7
312100003 99854.80 99934.98 0.21 0.19 1.27 7
312110000 99854.66 99934.59 0.19 0.13 0.95 7
312113031 99854.97 99932.52 0.12 -0.07 0.94 7
312122122 99854.84 99931.03 0.09 0.13 0.72 7
312131313 99856.53 99934.15 0.29 0.13 0.89 7
312201010 99855.95 99934.09 0.26 -0.02 1.14 7
312210102 99856.47 99936.67 0.21 0.31 1.26 7
312213133 99855.98 99935.83 0.19 -0.07 0.72 7
312222223 99855.78 99934.88 0.23 0.05 0.68 7
312231320 99856.07 99937.13 0.44 0.23 1.44 7
312301011 99856.17 99936.70 0.30 0.14 1.27 7
312310103 99855.22 99936.22 0.16 0.21 0.81 7
312313133 99857.06 99936.12 0.34 0.40 0.66 7
312322231 99856.55 99936.36 0.10 0.29 0.80 7
312331321 99856.38 99937.09 0.36 0.19 1.11 7
313001012 99856.05 99937.93 0.14 0.11 0.65 7
313010103 99855.81 99936.91 0.28 0.41 1.18 7
313013200 99855.10 99936.35 0.37 -0.17 0.64 7
313022231 99856.66 99938.92 0.17 0.68 1.16 7
313031322 99857.86 99940.36 0.37 0.40 1.26 7
313101013 99856.59 99940.66 0.17 0.46 1.04 7
313110110 99856.96 99941.86 0.27 0.20 0.71 7
313113201 99856.17 99943.38 0.81 0.58 0.78 7
313122231 99855.86 99944.11 0.19 0.05 0.67 7
313131331 99856.33 99945.77 0.27 0.47 0.96 7
313201022 99857.59 99946.75 0.44 0.65 0.87 7
313210113 99856.84 99947.23 0.88 0.41 1.52 7
313213210 99856.83 99947.82 0.06 0.54 0.53 7
313222301 99857.46 99948.76 0.50 -0.04 1.09 7
313231332 99857.76 99949.55 0.16 0.10 1.00 7
313301023 99857.75 99948.63 0.16 0.22 1.03 7
313310121 99857.20 99949.44 0.24 -0.01 0.82 7
313313212 99856.98 99949.78 -0.27 -0.40 0.12 7
313322303 99856.90 99949.37 0.01 -0.31 0.46 7
313332000 99857.28 99949.37 0.42 0.23 0.91 7
320001031 99857.05 99951.09 0.02 -0.12 0.73 7
320010122 99856.31 99951.83 0.16 0.08 0.99 7
320013213 99856.45 99952.77 0.19 0.42 0.99 7
320022310 99856.39 99954.31 0.49 0.12 1.23 7
320032000 99857.02 99955.50 0.28 -0.18 0.86 7
320101032 99856.59 99956.31 0.23 0.26 1.14 7
320110123 99856.95 99958.54 0.26 -0.37 0.57 7
320113220 99856.99 99959.98 0.22 0.14 0.60 7
320122311 99856.69 99961.42 0.42 0.21 0.92 7
320132002 99857.14 99961.78 -0.01 -0.00 0.77 7
320201033 99857.28 99963.13 0.58 0.21 1.78 7
320210130 99856.84 99964.64 0.29 0.19 1.26 7
320213221 99856.34 99966.38 0.29 -0.14 0.86 7
320222311 99857.91 99967.38 0.21 0.08 1.14 7
320232133 99857.20 99969.95 0.31 -0.07 0.50 7
320301230 99857.89 99970.13 0.30 0.09 1.10 7
320310321 99856.47 99970.38 0.00 -0.06 0.48 7
320320012 99858.42 99971.44 0.19 -0.24 0.40 7
320323103 99857.16 99971.77 0.54 0.44 1.30 7
320332133 99857.22 99971.86 0.50 0.22 1.63 7
321001230 99856.42 99972.29 0.31 0.34 1.18 7
321010321 99857.33 99973.91 0.32 0.02 0.62 7
321020012 99856.55 99975.55 0.51 0.23 0.79 7
321023103 99856.17 99974.21 0.34 0.06 0.71 7
321033112 99857.34 99978.13 0.37 0.23 0.80 7
321102203 99858.15 99978.30 0.27 0.03 0.91 7
321111301 99857.98 99979.67 0.08 0.09 0.54 7
321120332 99858.25 99980.55 0.32 0.09 0.88 7
321130023 99856.02 99980.16 0.42 -0.24 0.99 7
321133120 99856.00 99979.10 0.27 0.22 1.02 7
321202211 99855.97 99980.00 0.44 0.28 1.20 7
321211302 99856.13 99979.75 0.38 0.13 0.95 7
321220332 99857.04 99981.15 0.21 0.12 0.79 7
321230323 99856.67 99981.49 0.28 0.15 0.63 7
321300020 99856.70 99981.30 0.67 0.25 1.22 7
321303111 99857.48 99980.86 0.46 -0.03 0.40 7
321312202 99855.23 99979.72 0.36 0.01 0.70 7
321321233 99856.83 99979.87 0.52 0.13 1.20 7
321330330 99856.73 99980.11 0.37 0.28 0.98 7
322000021 99857.23 99980.43 0.18 -0.06 0.38 7
322003112 99857.20 99980.37 0.28 0.12 0.56 7
322012203 99856.25 99980.95 0.53 -0.03 1.24 7
322021300 99855.63 99981.41 0.51 0.08 0.97 7
322030331 99856.23 99980.94 0.46 0.09 0.85 7
322100022 99856.84 99980.34 0.40 -0.01 0.76 7
322103112 99855.98 99978.19 0.23 0.19 1.04 7
322112203 99855.54 99977.81 0.23 -0.03 1.13 7
322121301 99855.92 99977.80 0.43 0.14 1.09 7
322130332 99856.48 99977.90 0.19 -0.01 0.64 7
322200023 99856.55 99975.55 0.35 -0.01 0.63 7
322203121 99855.44 99975.84 0.45 0.21 0.93 7
322212212 99855.88 99976.17 0.39 0.20 0.79 7
322221303 99855.48 99976.65 0.35 0.00 0.61 7
322231000 99856.10 99976.73 0.29 0.08 0.68 7
322300030 99856.24 99976.52 0.47 0.09 0.96 7
322303121 99856.94 99974.51 0.44 0.16 0.87 7
322312212 99857.36 99973.88 0.39 0.14 0.87 7
322321303 99857.41 99974.22 0.45 0.09 0.85 7
322331000 99857.30 99974.21 0.44 0.11 0.88 7
323000031 99856.94 99976.97 0.38 0.13 0.83 7
323003123 99857.04 99975.44 0.41 0.13 0.94 7
323012213 99856.98 99975.46 0.38 0.11 0.83 7
323021310 99856.95 99975.70 0.40 0.12 0.85 7
323031001 99856.27 99976.05 0.37 0.09 0.77 7
323100032 99855.75 99976.30 0.29 0.13 0.79 7
323103123 99856.77 99974.52 0.44 0.21 0.96 7
323112213 99856.03 99975.33 0.40 0.23 0.94 7
323121310 99856.36 99974.91 0.38 0.16 0.77 7
323131002 99857.14 99974.86 0.39 0.13 0.85 7
323200033 99857.94 99974.53 0.39 0.11 0.96 7
323203123 99857.42 99974.20 0.38 0.08 0.83 7
323212220 99856.71 99974.84 0.36 0.14 0.84 7
323221311 99857.02 99976.45 0.38 0.09 0.93 7
323231002 99857.13 99975.67 0.41 0.20 0.92 7
323300033 99857.84 99974.98 0.37 0.16 0.78 7
323303130 99857.11 99975.64 0.42 0.17 0.83 7
323312221 99856.73 99975.46 0.41 0.18 0.92 7
323321312 99857.19 99975.92 0.37 0.16 0.92 7
323331003 99858.24 99976.39 0.34 0.14 0.83 7
330000100 99857.28 99977.00 0.38 0.18 0.88 7
330003130 99857.74 99975.84 0.38 0.17 0.96 7
330013121 99857.95 99976.76 0.41 0.19 0.91 7
330022212 99856.41 99976.50 0.36 0.15 0.85 7
330031303 99856.81 99977.25 0.40 0.19 0.88 7
330101001 99856.94 99976.97 0.37 0.19 0.92 7
330110032 99856.80 99978.39 0.39 0.18 0.85 7
330113122 99856.94 99977.09 0.36 0.18 0.84 7
330122220 99857.92 99976.81 0.41 0.19 0.95 7
330131311 99856.48 99976.69 0.38 0.19 0.89 7
330201002 99857.88 99977.25 0.35 0.17 0.80 7
330210033 99857.05 99977.92 0.40 0.18 0.89 7
330213130 99857.26 99977.52 0.39 0.16 0.92 7
330222221 99856.58 99977.12 0.36 0.17 0.85 7
330231312 99857.33 99977.84 0.41 0.17 0.92 7
330301002 99856.86 99977.52 0.36 0.16 0.86 7
330310033 99857.91 99977.59 0.37 0.15 0.80 7
330313130 99858.23 99977.81 0.39 0.16 0.92 7
330322221 99857.73 99978.84 0.40 0.21 0.93 7
330331312 99858.12 99977.41 0.37 0.16 0.81 7
331001003 99857.73 99977.36 0.37 0.19 0.84 7
331010102 99856.77 99977.68 0.37 0.18 0.85 7
331013133 99857.28 99977.80 0.37 0.11 0.80 7
331022230 99857.76 99979.28 0.30 0.14 0.92 7
331031321 99857.17 99980.35 0.39 0.19 1.00 7
331101011 99857.36 99980.97 0.40 0.15 0.93 7
331110221 99858.04 99981.75 0.42 0.18 0.96 7
331113312 99858.41 99982.35 0.36 0.15 0.86 7
331123003 99857.68 99982.40 0.43 0.14 0.97 7
331132033 99859.08 99983.02 0.45 0.21 1.00 7
331201130 99857.78 99981.46 0.43 0.16 0.87 7
331210221 99857.44 99981.85 0.38 0.07 0.76 7
331213312 99858.11 99983.12 0.44 0.13 0.91 7
331223003 99857.37 99982.91 0.46 0.13 0.92 7
331232100 99857.71 99982.41 0.37 0.09 0.80 7
331301131 99857.30 99981.96 0.37 0.11 0.81 7
331310222 99857.55 99982.38 0.40 0.13 0.84 7
331313312 99857.95 99982.09 0.37 0.12 0.75 7
331323003 99858.11 99982.25 0.49 0.18 1.03 7
331332100 99858.16 99980.81 0.46 0.17 1.04 7
332001131 99858.70 99979.36 0.36 0.14 0.85 7
332010222 99858.09 99979.17 0.38 0.21 0.76 7
332013313 99857.81 99977.38 0.36 0.19 0.83 7
332023010 99856.63 99976.27 0.36 0.24 0.99 7
332032101 99857.47 99977.63 0.09 -0.43 0.26 7
332101131 99857.79 99976.53 0.29 0.10 0.42 7
332110222 99858.29 99975.91 0.70 0.26 1.26 7
332113313 99857.48 99976.38 0.20 -0.10 0.82 7
332123010 99858.13 99978.88 0.25 0.80 1.03 7
332132211 99857.08 99980.57 0.67 0.57 1.20 7
332201303 99857.92 99981.41 0.15 0.48 0.65 7
332210333 99857.98 99983.25 0.37 0.18 1.05 7
332220031 99857.94 99983.95 0.70 0.24 1.52 7
332223121 99857.29 99984.34 0.22 0.84 1.09 7
332232212 99858.41 99985.50 0.38 0.23 1.21 7
332301303 99858.63 99985.77 -0.04 -0.01 0.52 7
332311001 99858.50 99985.23 -0.15 0.47 0.79 7
332320032 99858.25 99984.79 0.42 0.19 1.04 7
332323122 99857.84 99985.30 0.18 0.59 1.10 7
332333131 99858.91 99986.97 -0.04 -0.33 0.89 7
333002222 99858.51 99987.59 0.28 0.06 1.10 7
333011313 99857.37 99986.98 0.16 -0.15 0.33 7
333021011 99857.46 99985.84 0.36 0.68 0.89 7
333030101 99857.88 99986.09 0.32 0.38 1.15 7
333033132 99857.75 99985.46 0.42 0.38 0.90 7
333102223 99857.24 99985.95 0.67 0.24 0.67 7
333111320 99857.84 99987.64 0.42 0.48 0.62 7
333121012 99857.87 99987.76 0.50 0.15 0.97 7
333130103 99857.95 99988.97 0.21 0.25 0.91 7
333133200 99856.88 99990.01 0.18 -0.17 0.58 7
333202231 99857.39 99992.02 0.52 -0.13 0.79 7
333211322 99857.46 99992.31 0.38 0.27 0.94 7
333221013 99856.94 99995.27 0.38 0.30 1.29 7
333230110 99858.23 99995.91 0.53 0.56 1.03 7
333300300 99857.78 99998.53 0.70 0.46 1.29 7
333303331 99857.11 100000.34 0.37 -0.01 0.82 7
333313022 99857.41 100000.89 0.72 0.23 1.25 7
333322113 99857.50 100003.08 0.43 0.09 1.04 7
333331210 99857.07 100003.61 0.18 0.20 0.40 7
1000000301 99858.12 100006.00 0.13 0.25 0.59 7
1000003332 99856.80 100006.38 0.47 0.25 1.58 7
1000013023 99857.55 100009.48 0.23 0.63 1.31 7
1000022120 99858.13 100010.02 0.20 0.23 0.33 7
1000032112 99858.10 100013.27 0.60 0.42 0.91 7
1000101203 99856.58 100013.04 0.43 0.10 1.36 7
1000110300 99857.30 100013.70 0.26 0.19 0.50 7
1000113331 99857.59 100015.03 0.14 0.08 0.24 7
1000123023 99856.95 100016.66 0.40 0.05 1.24 7
1000132120 99856.52 100016.13 0.41 0.42 1.21 7
1000201210 99857.61 100016.88 0.71 0.42 0.92 7
1000210301 99857.91 100016.84 -0.01 0.21 0.25 7
1000213332 99857.17 100016.09 0.59 0.09 0.71 7
1000223323 99857.76 100015.75 0.27 0.03 0.54 7
1000233020 99857.68 100015.77 0.43 0.31 1.18 7
1000302110 99856.97 100015.65 0.58 0.40 1.17 7
1000311201 99857.39 100015.20 0.22 0.15 0.77 7
1000321010 99857.74 100015.73 0.28 0.16 0.83 7
1000330101 99858.67 100017.13 0.40 0.09 1.07 7
1000333132 99858.68 100017.03 0.32 0.20 0.86 7
1001002223 99858.05 100016.78 0.40 0.26 0.71 7
1001011320 99857.20 100016.45 0.43 0.27 0.77 7
1001021011 99858.06 100015.30 0.38 0.34 0.91 7
1001030102 99856.78 100016.18 0.37 0.14 1.04 7
1001033133 99857.17 100014.42 0.14 0.27 0.73 7
1001102230 99856.77 100015.24 0.18 0.02 0.47 7
1001112221 99856.45 100015.43 0.21 0.22 0.80 7
1001121312 99857.00 100015.72 0.41 0.14 1.26 7
1001131003 99857.38 100015.55 0.14 0.08 0.72 7
1001200033 99857.09 100015.09 0.23 0.18 0.86 7
1001203303 99856.96 100015.50 0.25 0.33 0.90 7
1001213000 99857.14 100015.73 0.20 0.15 1.08 7
1001222031 99855.88 100015.87 0.46 0.26 1.37 7
1001231122 99856.67 100015.10 0.45 0.31 1.04 7
1001300212 99856.00 100016.23 0.11 0.02 0.30 7
1001303310 99855.61 100016.98 0.13 0.16 0.45 7
1001313001 99856.50 100016.55 0.36 0.14 1.00 7
1001322032 99856.41 100016.64 0.24 0.30 1.17 7
1001331122 99856.52 100015.16 0.30 0.09 0.76 7
1002003001 99856.40 100016.11 0.31 0.21 1.11 7
1002012032 99856.60 100016.31 0.27 0.12 0.57 7
1002021123 99856.48 100016.09 0.25 0.02 0.72 7
1002030220 99856.41 100015.96 0.45 0.10 0.90 7
1002033311 99856.20 100017.16 0.33 0.45 0.98 7
1002103002 99855.52 100018.36 0.34 0.14 0.92 7
1002112032 99856.08 100016.84 0.23 0.14 0.62 7
1002121123 99856.19 100016.70 0.57 0.20 0.96 7
1002130220 99856.27 100016.20 0.37 0.20 0.87 7
1002133311 99855.98 100015.63 0.28 0.12 0.68 7
1002203002 99855.59 100015.32 0.34 0.21 1.22 7
1002212033 99856.19 100015.97 0.44 0.21 1.12 7
1002221130 99855.94 100016.78 0.17 0.21 0.56 7
1002230221 99855.84 100017.63 0.30 0.17 0.96 7
1002233312 99856.81 100018.70 0.59 0.33 1.12 7
1002303003 99856.05 100018.07 0.27 -0.10 0.42 7
1002312100 99854.98 100016.05 0.34 0.10 0.61 7
1002321131 99855.46 100016.12 0.43 0.35 1.14 7
1002330222 99855.95 100016.57 0.54 0.31 1.21 7
1002333313 99855.27 100016.88 0.27 0.10 0.48 7
1003003011 99855.95 100016.23 0.02 0.13 0.41 7
1003012101 99856.69 100016.84 0.56 0.35 0.98 7
1003021132 99855.90 100017.34 0.40 0.19 1.04 7
1003030332 99856.11 100016.10 0.27 0.02 0.31 7
1003100022 99855.45 100016.53 0.57 0.28 1.19 7
1003103120 99854.64 100016.96 0.31 0.10 0.55 7
1003112211 99855.14 100016.55 0.21 0.13 0.63 7
1003121302 99856.03 100016.40 0.39 0.44 1.11 7
1003130333 99856.31 100015.45 0.54 0.25 1.05 7
1003200030 99855.24 100015.80 0.38 0.34 0.61 7
1003203121 99855.41 100017.11 0.48 0.19 0.76 7
1003212212 99855.20 100016.95 0.54 0.18 0.91 7
1003221303 99855.45 100016.61 0.42 0.21 0.63 7
1003231000 99855.16 100017.30 0.48 0.15 0.85 7
1003300031 99855.45 100018.02 0.48 0.18 0.90 7
1003303122 99855.28 100017.23 0.40 0.24 1.00 7
1003312212 99854.78 100017.25 0.41 0.28 0.99 7
1003321310 99854.77 100016.17 0.30 -0.02 0.64 7
1003331001 99854.94 100017.08 0.37 0.19 0.82 7
1010000032 99855.52 100017.17 0.46 0.22 0.92 7
1010003123 99854.97 100017.34 0.42 0.19 0.81 7
1010012220 99855.66 100016.31 0.27 0.13 0.50 7
1010021311 99855.09 100017.05 0.47 0.12 0.88 7
1010031002 99855.17 100017.06 0.59 0.21 1.05 7
1010100033 99855.22 100016.59 0.43 0.01 0.62 7
1010103130 99855.92 100016.17 0.40 0.03 0.68 7
1010112221 99855.06 100015.64 0.36 0.13 0.75 7
1010121312 99855.15 100016.19 0.49 0.12 1.05 7
1010131133 99854.66 100015.61 0.47 0.18 0.99 7
1010200231 99855.98 100016.06 0.40 0.19 0.84 7
1010203322 99855.02 100015.16 0.55 0.20 0.83 7
1010213012 99854.91 100015.67 0.48 0.16 0.72 7
1010222110 99854.82 100017.43 0.53 0.22 0.84 7
1010231201 99855.88 100015.70 0.58 0.25 0.96 7
1010300232 99857.32 100016.76 0.50 0.19 0.72 7
1010303323 99855.98 100017.33 0.47 0.20 0.81 7
1010313020 99855.20 100017.92 0.50 0.22 0.89 7
1010322111 99855.52 100017.85 0.50 0.13 0.76 7
1010331202 99855.55 100017.83 0.49 0.14 0.84 7
1011000233 99855.63 100017.56 0.47 0.18 0.72 7
1011003330 99855.35 100018.23 0.50 0.16 0.76 7
1011013021 99856.14 100018.11 0.51 0.17 0.81 7
1011022112 99856.44 100018.51 0.49 0.15 0.78 7
1011031203 99856.70 100016.46 0.51 0.20 0.74 7
1011100233 99855.73 100018.63 0.50 0.20 0.83 7
1011103330 99855.31 100018.12 0.54 0.17 0.87 7
1011113021 99855.75 100016.45 0.48 0.12 0.74 7
1011122112 99854.43 100016.18 0.52 0.18 0.77 7
1011131203 99854.62 100017.06 0.47 0.15 0.78 7
1011200300 99855.30 100017.41 0.52 0.16 0.84 7
1011203331 99855.45 100017.34 0.66 0.23 0.84 7
1011213022 99855.17 100017.51 0.25 -0.01 0.75 7
1011222113 99856.22 100017.64 0.03 -0.30 0.89 7
1011231210 99854.76 100018.34 -0.30 0.34 0.87 7
1011301103 99855.23 100017.89 -0.42 -0.10 0.69 7
1011310201 99856.30 100018.12 -0.24 0.14 1.16 7
1011313232 99854.95 100016.72 -0.34 0.14 0.97 7
1011322323 99855.01 100017.17 -0.36 0.02 0.88 7
1011332020 99854.90 100018.04 -0.30 -0.05 0.88 7
1012001111 99855.50 100017.80 -0.24 0.04 0.92 7
1012010202 99855.61 100018.96 -0.19 0.13 0.96 7
1012013233 99855.55 100018.70 -0.18 0.11 0.92 7
1012022323 99854.77 100018.36 -0.17 0.04 0.98 7
1012032321 99854.40 100018.65 -0.20 0.05 0.99 7
1012102012 99856.50 100017.63 -0.21 0.02 0.87 7
1012111103 99855.82 100018.28 -0.18 0.03 0.94 7
1012120200 99855.29 100017.83 -0.19 0.01 0.98 7
1012123231 99854.44 100016.40 -0.18 0.02 0.95 7
1012132322 99855.19 100016.44 -0.14 0.02 0.94 7
1012202012 99855.84 100016.32 -0.15 0.03 0.92 7
1012211110 99855.00 100015.92 -0.18 0.00 0.96 7
1012220201 99855.38 100016.36 -0.14 -0.00 0.93 7
1012223232 99856.21 100015.89 -0.12 -0.00 0.95 7
1012232330 99855.91 100016.77 -0.13 0.02 0.97 7
1012302020 99855.64 100016.34 -0.13 0.04 0.95 7
1012311111 99855.47 100015.70 -0.17 -0.01 0.97 7
1012320202 99855.39 100015.62 -0.14 0.01 0.96 7
1012323233 99855.09 100016.35 -0.16 0.03 0.93 7
1012332330 99855.63 100015.35 -0.14 0.03 0.97 7
1013002021 99856.21 100015.04 -0.16 0.01 0.96 7
1013011112 99855.47 100015.02 -0.14 -0.02 0.93 7
1013020203 99856.54 100016.36 -0.16 -0.04 0.95 7
1013023300 99856.18 100017.13 -0.14 0.02 0.96 7
1013032331 99856.23 100016.06 -0.14 0.00 0.99 7
1013102022 99855.67 100015.73 -0.14 -0.01 0.95 7
1013111113 99855.82 100015.53 -0.17 -0.03 0.95 7
1013120210 99856.37 100014.63 -0.14 -0.01 0.96 7
1013123301 99856.90 100016.75 -0.16 -0.01 0.97 7
1013132332 99855.40 100015.41 -0.17 -0.02 0.96 7
1013202023 99855.75 100015.77 -0.16 0.02 1.00 7
1013211120 99855.54 100016.20 -0.15 0.02 0.96 7
1013220211 99855.81 100015.47 -0.13 0.03 0.94 7
1013223302 99856.11 100014.98 -0.15 0.01 0.94 7
1013232333 99855.55 100015.05 -0.15 -0.01 0.97 7
1013302023 99855.65 100014.38 -0.20 -0.06 0.90 7
1013311121 99855.19 100013.82 -0.16 -0.03 0.94 7
1013320212 99856.20 100013.87 -0.16 -0.04 0.93 7
1013323303 99855.87 100014.82 -0.14 -0.01 0.92 7
1013333000 99855.19 100016.37 -0.13 -0.02 0.95 7
1020002032 99855.22 100015.84 -0.19 -0.03 0.94 7
1020011123 99856.12 100015.06 -0.18 -0.02 0.96 7
1020020220 99856.30 100015.88 -0.13 0.00 1.00 7
1020023311 99855.88 100016.16 -0.15 -0.03 0.91 7
1020033002 99855.65 100016.73 -0.18 -0.04 0.92 7
1020102033 99855.86 100016.24 -0.12 0.00 0.98 7
1020111130 99856.46 100016.17 -0.25 -0.05 0.93 7
