113003030 100426.79 96315.99 0.20 0.95 -0.95 1
113012121 100427.20 100362.81 0.86 0.16 -0.54 3
113021212 100425.64 100361.84 0.82 -0.10 -0.31 3
113030302 100424.61 100362.84 0.72 0.20 -0.48 3
113100112 100425.39 100362.81 -0.32 -0.21 -0.13 3
113103203 100425.19 100361.91 0.01 0.97 -0.55 3
113112300 100424.59 100362.17 0.23 0.14 -0.95 3
113121332 100425.57 100363.43 1.01 0.03 -1.97 3
113131022 100425.70 100362.95 0.25 0.52 -1.25 3
113200120 100426.34 100362.17 0.67 -0.31 -0.72 3
113203211 100426.14 100362.81 0.61 -0.37 -1.41 3
113212302 100425.46 100363.27 0.44 -0.29 -1.70 3
113221333 100425.66 100362.89 0.23 -0.39 -0.53 3
113231323 100426.45 100362.00 0.88 -0.94 -1.02 3
113301020 100426.00 100362.02 0.81 0.66 -1.07 3
113310111 100425.41 100360.41 0.62 -0.41 -0.63 3
113321122 100426.83 100361.51 0.53 0.20 -0.92 3
113330231 100426.54 100360.33 0.13 -0.09 -1.02 3
113333322 100425.47 100359.86 0.23 0.11 -0.84 3
120003102 100426.57 100360.06 0.60 -0.21 -0.95 3
120012133 100426.39 100359.81 0.80 -0.27 -0.83 3
120021230 100426.59 100360.95 0.41 -0.37 -0.78 3
120030320 100426.45 100360.55 0.14 -0.37 -0.94 3
120100123 100427.08 100362.48 0.28 -0.54 -1.07 3
120103221 100426.98 100363.48 0.25 -0.26 -1.10 3
120112312 100426.38 100364.30 0.33 -0.37 -1.00 3
120122003 100425.70 100363.24 0.24 -0.09 -0.97 3
120131101 100426.80 100364.26 0.08 -0.13 -1.00 3
120200132 100426.35 100364.09 0.27 -0.43 -1.01 3
120203223 100426.27 100363.38 0.32 -0.28 -0.96 3
120212313 100426.36 100364.53 0.17 -0.14 -0.93 3
120222232 100426.55 100365.02 0.35 -0.22 -0.89 3
120231323 100427.71 100365.59 0.32 -0.40 -0.90 3
120301020 100426.90 100364.64 0.29 -0.41 -0.80 3
120310110 100426.52 100366.44 0.29 -0.39 -0.97 3
120321201 100427.59 100366.98 0.33 -0.30 -0.87 3
120330232 100427.91 100366.94 0.28 -0.37 -0.94 3
120333323 100427.42 100367.55 0.31 -0.31 -0.92 3
121003013 100426.63 100367.16 0.31 -0.42 -0.95 3
121012222 100427.08 100368.67 0.35 -0.38 -0.96 3
121021320 100427.30 100368.78 0.41 -0.40 -0.87 3
121031011 100426.30 100369.91 0.43 -0.31 -0.96 3
121100102 100426.15 100369.56 0.29 -0.49 -0.88 3
121103133 100426.42 100368.09 0.23 -0.30 -1.12 3
121112230 100426.19 100368.12 0.31 -0.37 -0.83 3
121121321 100426.59 100366.07 0.70 -0.63 -0.69 3
121131013 100426.11 100364.63 0.42 -0.53 -0.81 3
121200110 100425.61 100365.08 0.50 0.07 -0.90 3
121203202 100427.11 100365.36 0.22 -0.07 -0.93 3
121212233 100426.33 100365.06 0.22 -0.86 -1.46 3
121221330 100427.11 100365.20 0.29 -0.16 -0.56 3
121231021 100427.24 100365.72 0.22 -0.66 -1.10 3
121300112 100426.82 100365.98 0.06 -0.54 -1.12 3
121303203 100426.95 100366.26 0.16 -0.22 -0.74 3
121312233 100426.79 100364.28 0.39 -0.74 -1.15 3
121323100 100427.08 100363.91 0.48 -0.14 -1.46 3
121332131 100427.34 100363.63 0.32 0.07 -1.06 3
122001222 100426.79 100362.56 0.28 -0.17 -1.28 3
122010313 100425.81 100361.80 0.33 -0.03 -0.67 3
122020121 100426.23 100362.50 1.20 -0.24 -0.71 3
122023212 100426.97 100362.60 0.50 0.29 -1.68 3
122032332 100427.04 100362.70 0.49 -0.12 -1.05 3
122102022 100425.83 100362.41 0.59 -0.35 -1.08 3
122111202 100426.33 100362.23 0.41 -0.39 -1.27 3
122120300 100426.45 100361.94 0.31 -0.15 -1.15 3
122123330 100426.14 100360.91 0.30 -0.25 -0.67 3
122133121 100426.94 100361.33 1.12 -0.18 -1.57 3
122202212 100426.84 100360.55 0.81 0.21 -1.23 3
122211303 100427.05 100360.78 0.37 -0.62 -0.65 3
122221000 100426.36 100361.24 0.50 -0.44 -0.63 3
122230032 100427.05 100361.56 0.56 -0.07 -1.12 3
122233123 100425.53 100361.46 0.32 -0.10 -1.60 3
122302220 100425.67 100363.38 0.32 -0.07 -0.54 3
122311312 100426.11 100362.14 0.47 0.02 -0.79 3
122321002 100426.07 100361.72 0.62 -0.09 -1.22 3
122330332 100427.27 100361.74 0.43 -0.40 -1.05 3
123000023 100427.09 100361.75 0.43 -0.32 -0.83 3
123003121 100426.34 100360.81 0.61 -0.12 -0.95 3
123012212 100427.02 100360.23 0.63 -0.12 -1.12 3
123021303 100425.62 100359.97 0.61 -0.35 -0.81 3
123031000 100426.23 100359.88 0.48 -0.10 -0.79 3
123100031 100425.13 100360.51 0.50 -0.12 -1.14 3
123103122 100426.05 100360.94 0.24 -0.19 -0.90 3
123112212 100427.24 100360.71 0.39 -0.30 -1.00 3
123122203 100427.80 100361.14 0.30 -0.42 -1.01 3
123131300 100427.34 100360.09 0.37 -0.42 -0.81 3
123200331 100427.29 100359.34 0.36 -0.33 -0.89 3
123210022 100425.91 100360.12 0.38 -0.39 -0.83 3
123213113 100425.63 100359.74 0.41 -0.31 -0.87 3
123222210 100426.17 100359.65 0.29 -0.32 -0.91 3
123231302 100427.55 100359.84 0.52 -0.42 -0.86 3
123300333 100427.22 100360.55 0.42 -0.04 -1.11 3
123310023 100426.17 100361.69 0.36 -0.20 -0.71 3
123323122 100428.24 100359.52 0.67 -0.29 -0.59 3
123332220 100427.66 100359.84 0.40 0.42 -1.01 3
130001311 100426.97 100360.58 0.41 -0.38 -1.03 3
130011002 100426.59 100359.94 0.35 0.15 -0.95 3
130020033 100426.01 100360.09 0.39 -0.13 -0.93 3
130023130 100425.88 100362.48 0.45 -0.21 -1.05 3
130032221 100426.22 100363.15 0.46 0.20 -1.08 3
130101312 100427.04 100360.89 0.39 -0.24 -0.86 3
130111010 100426.59 100360.19 0.50 0.42 -1.35 3
130120101 100426.38 100358.56 0.33 0.14 -0.68 3
130123132 100426.10 100358.84 0.45 0.80 -0.64 3
130132223 100426.88 100358.65 0.13 -0.13 -0.48 3
130201320 100426.64 100358.50 0.32 -0.41 -0.76 3
130211011 100427.52 100359.22 2.19 -0.07 -1.38 3
130220102 100426.98 100359.27 0.66 -0.43 -0.80 3
130223133 100427.71 100359.92 0.07 0.06 -1.29 3
130232223 100425.92 100360.16 0.44 -0.26 -1.18 3
130301321 100427.20 100359.62 0.46 -0.08 -0.72 3
130311012 100427.63 100360.20 0.92 -0.19 -0.94 3
130320103 100427.38 100361.75 0.69 -0.21 -0.89 3
130323200 100426.66 100361.89 0.46 -0.39 -0.62 3
130332231 100426.59 100362.27 0.41 -0.21 -0.78 3
131001321 100425.97 100362.03 0.58 0.00 -1.13 3
131011113 100426.45 100360.58 0.61 -0.03 -1.04 3
131020203 100426.47 100361.28 0.33 -0.25 -0.91 3
131023300 100426.11 100362.34 0.33 -0.24 -0.90 3
131033031 100426.77 100362.53 0.48 -0.30 -1.41 3
131102122 100426.81 100362.12 0.89 0.19 -0.46 3
131111213 100427.20 100360.37 0.23 -0.35 -0.76 3
131121010 100426.89 100360.23 0.88 -0.05 -1.59 3
131130101 100427.98 100359.66 1.50 0.75 -1.27 3
131133133 100426.62 100359.74 0.43 0.13 -1.21 3
131202223 100426.62 100358.25 0.16 -0.73 -0.42 3
131211320 100427.00 100358.48 0.40 -0.32 -1.13 3
131221011 100426.43 100358.44 0.46 -0.09 -1.37 3
131230302 100426.66 100360.00 0.62 -0.15 -0.99 3
131233333 100426.16 100360.81 0.67 0.03 -1.20 3
131311000 100427.84 100359.48 0.20 -0.25 -0.67 3
131320030 100426.73 100359.75 0.19 -0.40 -0.88 3
131323211 100426.85 100359.79 0.79 -0.04 -1.23 3
131332302 100428.12 100360.40 0.66 0.46 -0.50 3
132001333 100426.62 100361.29 1.30 -0.38 -0.67 3
132011030 100427.13 100361.59 0.25 0.17 -1.58 3
132030000 100428.16 100359.11 0.44 -0.04 -1.00 3
132033031 100427.42 100360.47 0.32 0.26 -1.03 3
132230313 100428.20 100358.45 0.33 -0.31 -1.11 3
132312233 100429.06 100357.96 1.13 -0.43 -1.52 3
133013023 100429.42 100364.34 0.55 2.08 -0.77 3
133022113 100428.08 100365.27 0.89 -0.18 -1.00 3
133101002 100428.30 100366.97 0.57 1.14 -0.46 3
133110033 100427.18 100367.86 1.27 -0.09 -0.41 3
133113213 100427.54 100370.23 -0.00 0.20 -0.55 3
133122303 100426.72 100370.34 0.17 0.50 -0.34 3
133133310 100427.22 100370.66 1.59 0.89 0.92 3
133203001 100427.36 100372.28 0.77 -0.24 -2.02 3
133212121 100427.06 100374.66 0.64 0.17 -2.12 3
200002111 100428.40 100377.25 0.29 0.34 -0.69 3
200011202 100428.33 100378.30 0.45 -0.03 -0.39 3
200020232 100427.09 100379.16 1.60 -0.32 -0.52 3
200031311 100427.84 100380.55 1.14 -0.04 -0.45 3
200101002 100427.82 100381.63 0.54 0.17 -1.37 4
200133322 100428.96 100388.77 1.44 0.08 -1.47 4
200203030 100428.20 100389.25 0.61 0.28 0.34 4
200212121 100427.86 100389.76 0.78 -1.39 -1.62 4
200221301 100427.30 100391.60 0.38 -1.16 -1.26 4
200230332 100427.46 100392.46 1.32 1.96 -1.61 4
200300022 100426.39 100393.95 0.65 1.37 -1.08 4
200303220 100427.09 100396.54 0.31 -0.47 -0.65 4
200312311 100426.93 100395.85 0.35 -0.90 -0.73 4
200322002 100426.75 100394.80 1.66 2.22 -2.38 4
200331033 100426.81 100395.57 0.77 0.85 -0.69 4
201000123 100426.98 100405.02 0.74 -0.10 -0.93 4
201011231 100428.01 100404.59 0.73 0.05 -0.77 4
201020321 100427.20 100403.23 0.26 -0.38 -1.43 4
201030012 100426.88 100402.30 0.19 0.08 -1.11 4
201033103 100426.75 100400.79 0.46 0.13 -1.30 4
201112020 100428.18 100399.70 0.61 -0.21 -1.21 4
201121111 100427.02 100399.27 0.61 -0.10 -1.62 4
201130202 100427.21 100397.03 0.27 -0.31 -1.28 4
201133233 100427.02 100397.48 0.16 -0.20 -0.18 4
201202330 100426.79 100397.25 0.39 -0.71 -1.45 4
201212021 100426.55 100399.53 0.31 -0.32 -1.61 4
201221112 100426.77 100398.63 0.36 -0.22 -1.06 4
201230202 100425.98 100398.25 0.72 -0.27 -0.90 4
201300123 100426.74 100393.94 0.12 -0.42 -1.11 4
201303220 100426.66 100393.80 0.00 -0.04 -0.31 4
201312311 100427.42 100396.38 0.25 -0.82 -1.53 4
201322002 100427.55 100397.28 0.35 0.23 -1.62 4
201331033 100426.89 100399.73 0.38 -0.08 -0.79 4
202000130 100426.96 100399.70 0.81 0.29 -1.38 4
202003221 100427.21 100398.50 0.21 -0.27 -0.92 4
202012312 100427.02 100397.45 -0.00 -0.10 -0.68 4
202022003 100426.13 100398.95 0.86 -0.33 -1.45 4
202031101 100426.68 100396.13 0.13 0.56 -1.19 4
202100132 100426.96 100398.44 0.59 0.21 -0.62 4
202103223 100426.19 100398.42 0.86 -0.29 -1.43 4
202112320 100426.59 100398.09 0.38 0.01 -0.91 4
202122011 100426.05 100396.16 0.12 -0.09 -1.05 4
202131101 100426.23 100396.64 0.30 -0.53 -1.07 4
202200132 100426.52 100398.35 1.33 0.29 -0.43 4
202203223 100426.22 100397.73 0.46 -0.15 -0.51 4
202212321 100426.11 100398.52 0.59 -0.36 -1.27 4
202222012 100426.41 100397.42 0.49 -0.66 -1.27 4
202231110 100427.57 100396.94 0.48 0.30 -1.03 4
202300201 100427.36 100396.93 0.26 -0.44 -1.09 4
202303232 100426.33 100397.80 0.99 -0.13 -1.42 4
202312330 100426.48 100398.36 0.27 0.80 -0.90 4
202322020 100426.70 100398.58 0.57 0.19 -0.52 4
202331221 100427.39 100400.31 0.44 -0.11 -1.07 4
203000312 100426.82 100399.89 0.24 -0.25 -0.85 4
203010003 100426.92 100399.52 0.24 -0.05 -0.75 4
203013200 100426.62 100399.14 0.96 0.60 -0.58 4
203022231 100427.22 100398.83 0.61 -0.44 -1.24 4
203031322 100427.17 100399.84 0.56 -0.14 -0.75 4
203101013 100426.74 100400.32 0.46 -0.20 -0.81 4
203110111 100425.96 100399.19 0.56 -0.20 -0.76 4
203113202 100426.22 100401.92 0.64 -0.19 -1.08 4
203122300 100426.38 100401.96 0.39 -0.21 -1.17 4
203131332 100426.31 100402.18 0.60 0.09 -0.73 4
203201023 100426.17 100401.48 0.50 -0.14 -0.89 4
203210113 100426.91 100400.66 0.51 -0.26 -0.83 4
203213210 100425.73 100401.68 0.42 -0.07 -1.04 4
203222301 100425.49 100400.95 0.39 0.13 -0.60 4
203231332 100426.87 100401.64 0.48 0.18 -0.67 4
203301023 100427.55 100401.86 0.65 -0.11 -1.01 4
203310120 100426.38 100402.34 0.68 0.38 -0.95 4
203313211 100427.08 100401.60 -0.04 -0.01 -1.34 4
203322302 100426.55 100401.42 0.37 -0.50 -0.71 4
203332000 100426.39 100401.03 0.69 0.02 -1.21 4
210001031 100426.78 100400.37 1.02 0.17 -0.93 4
210010122 100426.70 100399.93 0.40 -0.29 -0.70 4
210013213 100426.91 100400.37 0.62 -0.26 -1.19 4
210022303 100426.89 100400.26 0.69 -0.03 -1.13 4
210032022 100425.30 100401.03 0.43 -0.41 -1.03 4
210101113 100426.65 100401.30 0.02 -0.39 -0.88 4
210110210 100426.25 100400.88 0.21 -0.39 -0.47 4
210113301 100425.33 100400.62 1.04 0.52 -2.00 4
210122332 100426.06 100399.98 0.71 0.64 -0.54 4
210132022 100427.37 100400.22 0.52 -0.54 -0.61 4
210201113 100427.85 100400.34 0.18 -0.38 -0.86 4
210210210 100426.69 100399.52 0.79 0.23 -1.25 4
210213301 100426.84 100399.69 0.54 -0.28 -1.09 4
210222333 100426.77 100398.80 0.19 -0.17 -1.09 4
210232030 100426.87 100398.94 0.20 -0.66 -0.87 4
210301122 100427.90 100398.80 0.97 0.44 -1.18 4
210310213 100427.01 100399.06 0.33 -0.09 -0.34 4
210313310 100427.30 100398.27 0.35 -0.24 -0.96 4
210323002 100426.64 100399.84 0.92 -0.21 -0.99 4
210332032 100427.29 100400.00 0.63 0.30 -0.82 4
211001123 100427.15 100398.54 0.28 -0.18 -1.17 4
211010220 100427.55 100398.32 0.19 -0.39 -0.78 4
211013312 100427.09 100399.14 0.72 -0.25 -1.06 4
211023003 100426.99 100398.97 0.42 0.59 -0.73 4
211032100 100427.14 100398.92 0.61 -0.05 -0.48 4
211101131 100426.84 100399.09 0.81 -0.19 -1.55 4
211110222 100427.22 100398.45 0.39 -0.18 -1.05 4
211113313 100426.64 100397.41 0.21 -0.36 -0.43 4
211123010 100428.33 100399.17 0.36 -0.50 -1.37 4
211132102 100427.99 100399.39 0.67 -0.54 -1.24 4
211201133 100425.92 100398.11 0.35 -0.52 -1.29 4
211210230 100426.52 100398.05 0.92 -0.16 -1.14 4
211213322 100426.43 100398.72 0.58 -0.12 -1.19 4
211223013 100426.93 100398.10 0.13 -0.19 -1.00 4
211232110 100426.30 100398.59 0.38 -0.55 -1.05 4
211301201 100426.05 100398.94 0.48 -0.48 -1.37 4
211310232 100426.29 100398.48 0.49 0.58 -1.38 4
211313323 100426.94 100399.20 0.44 0.26 -0.46 4
211323021 100426.80 100398.68 0.79 0.62 -0.80 4
211332113 100427.94 100398.23 0.39 -0.18 -1.65 4
212001210 100426.89 100398.73 0.14 -0.32 -0.99 4
212010301 100427.62 100398.58 0.33 -0.35 -1.10 4
212013332 100428.52 100398.22 0.61 -0.37 -1.23 4
212023022 100427.38 100397.48 0.35 -0.22 -0.98 4
212032121 100427.13 100399.77 0.74 0.45 -1.38 4
212101212 100426.65 100398.22 0.24 -0.09 -0.74 4
212110303 100426.76 100398.42 0.02 -0.10 -0.84 4
212120000 100426.77 100399.16 0.31 -0.57 -0.96 4
212123032 100427.09 100398.92 0.70 -0.55 -1.24 4
212132123 100426.76 100399.58 0.64 -0.09 -1.08 4
212201220 100427.54 100399.67 0.66 0.06 -1.11 4
212210311 100426.55 100399.03 0.37 -0.59 -1.54 4
212220002 100428.30 100397.57 0.19 -0.41 -0.54 4
212223032 100427.25 100397.81 0.11 -0.12 -0.99 4
212232123 100427.52 100397.66 0.62 -0.46 -1.72 4
212301221 100428.15 100398.37 0.61 0.04 -1.10 4
212310312 100427.38 100398.55 0.89 -0.37 -1.53 4
212320003 100426.68 100398.56 0.05 -0.17 -1.51 4
212323101 100425.94 100398.92 0.19 -0.01 -0.85 4
212332132 100426.81 100397.91 0.43 0.06 -0.89 4
213001230 100427.18 100398.72 0.40 0.04 -1.08 4
213010321 100426.46 100399.41 0.51 0.16 -0.83 4
213020013 100426.20 100399.69 0.62 0.28 -0.83 4
213023110 100426.16 100399.98 0.63 -0.32 -0.83 4
213032200 100426.48 100397.92 0.38 0.09 -1.15 4
213110331 100428.84 100400.55 0.47 -0.10 -0.45 4
213120022 100429.47 100400.69 0.65 -0.58 -1.94 4
213123202 100427.83 100398.98 0.44 -0.47 -0.98 4
213132233 100427.57 100399.06 0.14 0.08 -0.69 4
213202012 100427.16 100398.52 0.88 0.28 -0.68 4
213213002 100428.50 100399.13 0.51 -0.01 -0.48 4
213223332 100429.70 100398.59 1.03 0.47 -1.47 4
213233023 100428.49 100399.86 1.05 -0.60 -0.59 4
213302121 100427.72 100402.48 0.75 -0.71 -0.77 4
213311211 100427.61 100401.55 0.30 1.25 -0.22 4
213321012 100427.18 100404.33 1.06 1.11 -0.97 4
213333223 100428.38 100404.97 -0.17 0.87 -0.25 4
220002320 100428.14 100405.07 0.69 0.47 -0.26 4
220100013 100428.57 100408.73 0.38 1.07 -0.89 4
220103110 100428.37 100410.97 1.35 -0.23 -0.45 4
220112201 100428.81 100412.41 2.39 1.33 -2.00 4
220121231 100428.44 100411.99 0.88 1.67 -0.51 4
220200203 100428.88 100415.05 0.98 1.43 -0.61 4
220203300 100428.51 100415.69 0.79 0.03 -1.60 4
220212331 100428.62 100415.89 0.74 -0.00 -0.50 4
220222022 100427.34 100416.81 0.76 0.57 -0.26 4
220231112 100427.48 100418.59 0.96 0.35 -1.15 5
220300210 100427.54 100418.56 0.29 1.18 -0.84 5
220303301 100426.46 100418.56 0.64 0.54 -0.66 5
220312333 100427.34 100418.23 0.39 0.34 -0.69 5
220322030 100427.29 100418.16 0.37 1.32 -0.81 5
220331122 100428.14 100418.19 0.69 0.50 -0.64 4
221000213 100427.41 100418.88 1.15 -0.23 -0.17 5
221003310 100426.87 100419.19 0.61 1.52 -0.88 5
221013001 100427.54 100421.10 1.61 0.92 -2.02 5
221022032 100427.13 100421.30 0.41 1.41 -0.62 5
221031130 100426.61 100423.13 0.75 0.19 -0.51 5
221100221 100426.15 100424.48 0.46 -1.01 -0.52 5
221103312 100427.03 100424.10 0.25 0.03 -0.34 5
221113003 100426.60 100424.57 1.48 1.53 -2.06 5
221122100 100427.06 100424.47 0.49 1.53 -0.36 5
221131130 100427.06 100425.58 0.56 1.17 -1.65 5
221200213 100426.23 100427.55 1.49 2.05 -2.19 5
221203310 100427.28 100427.95 1.38 -1.29 -0.70 5
221213001 100426.91 100429.88 0.69 0.13 -0.96 5
221222032 100427.59 100431.32 0.80 -0.73 -0.52 5
221231122 100427.38 100432.37 0.64 0.46 -0.76 5
221301003 100426.07 100433.20 0.81 0.28 -0.65 5
221310100 100426.67 100436.60 0.84 0.17 -0.93 5
221313130 100427.20 100445.25 0.50 0.43 -0.92 5
221322221 100427.31 100444.25 0.99 -0.24 -0.78 5
221331313 100426.95 100439.60 0.60 0.19 -0.25 5
222001003 100427.83 100437.16 0.72 0.21 -0.79 5
222010100 100426.84 100436.05 0.73 0.46 -1.19 5
222013131 100427.59 100434.28 0.36 0.33 -0.89 5
222022222 100428.02 100434.16 0.44 0.00 -0.61 5
222031313 100428.86 100436.25 0.66 0.40 -0.72 5
222101010 100428.66 100437.99 0.38 0.26 -0.55 5
222110101 100428.01 100437.97 0.37 0.79 -0.91 5
222113131 100428.73 100436.63 0.88 0.35 -1.16 5
222122222 100428.66 100435.84 0.80 0.73 -1.39 5
222131313 100428.84 100436.70 0.17 0.98 -0.97 5
222201010 100428.18 100436.59 0.88 0.77 -0.90 5
222210101 100427.24 100437.02 0.46 0.44 -0.73 5
222213132 100426.98 100438.09 0.58 0.22 -0.51 5
222222230 100427.53 100437.70 0.96 0.20 -0.82 5
222231322 100427.83 100438.66 1.15 -0.54 -0.56 5
222301013 100429.01 100439.95 0.44 0.38 -0.20 5
222310110 100428.36 100440.31 0.99 0.58 -1.01 5
222313202 100427.46 100440.57 0.42 0.49 -0.52 5
222322233 100427.48 100439.01 0.80 0.48 -0.24 5
222331330 100428.28 100439.30 1.18 0.26 -1.13 5
223001022 100429.00 100439.33 0.22 0.87 -0.54 5
223010113 100429.17 100439.84 0.73 0.58 -0.67 5
223013210 100428.70 100439.94 0.58 0.68 -0.92 5
223022301 100429.01 100440.25 0.43 0.24 -0.52 5
223031332 100428.35 100439.88 0.82 0.76 -1.02 5
223101023 100428.70 100440.59 1.06 0.29 -0.17 5
223110120 100429.03 100441.22 0.15 1.04 -0.74 5
223113211 100427.57 100440.13 0.67 0.78 -0.72 5
223122302 100428.50 100440.05 0.63 0.65 -1.03 5
223131333 100428.53 100440.42 0.22 0.36 -0.59 5
223201031 100428.05 100441.88 0.99 0.65 -1.20 5
223210121 100427.45 100440.59 0.62 0.36 -0.38 5
223213212 100428.00 100439.90 0.57 -0.01 -0.61 5
223222303 100428.73 100440.50 0.88 0.68 -0.70 5
223232001 100428.27 100440.45 0.68 0.12 -0.79 5
223301032 100428.55 100441.48 0.56 0.40 -0.49 5
223310123 100428.75 100440.72 0.96 0.26 -0.88 5
223313220 100429.59 100440.91 0.22 0.29 -0.21 5
223322312 100428.79 100440.27 0.56 0.75 -0.88 5
223332003 100429.03 100439.98 0.50 0.56 -0.87 5
230001100 100428.84 100440.56 0.58 0.40 -0.64 5
230010132 100428.27 100440.72 0.80 0.59 -0.71 5
230013223 100429.70 100441.06 0.87 -0.09 -0.53 5
230022321 100427.92 100440.06 0.67 -0.12 -0.49 5
230032012 100427.55 100440.55 0.70 0.30 -0.68 5
230101110 100428.77 100442.60 0.55 0.52 -0.59 5
230110201 100428.66 100442.56 0.61 0.43 -0.72 5
230113232 100429.35 100441.67 0.79 0.50 -0.69 5
230122330 100428.94 100441.95 0.58 0.31 -0.72 5
230132021 100428.90 100441.11 0.73 0.45 -0.62 5
230201112 100428.84 100440.12 0.62 0.60 -0.71 5
230210203 100429.05 100439.67 0.69 0.60 -0.83 5
230213300 100428.86 100440.80 0.56 0.37 -0.98 5
230222331 100428.85 100439.59 0.67 0.52 -0.65 5
230232022 100428.80 100437.63 0.42 0.53 -0.98 5
230301113 100428.80 100438.30 0.42 0.04 -0.54 5
230310210 100429.13 100438.39 0.69 0.22 -0.58 5
230313301 100427.79 100436.80 0.78 0.31 -0.97 5
230322331 100428.41 100437.53 0.53 0.23 -0.48 5
230332022 100427.96 100438.59 0.76 0.13 -0.30 5
231001113 100429.27 100440.11 0.47 0.59 -0.53 5
231010210 100428.53 100440.64 0.42 0.30 -0.64 5
231013301 100428.25 100440.52 0.45 0.31 -0.63 5
231022332 100428.91 100440.39 0.39 0.63 -0.77 5
231032023 100428.52 100440.23 0.48 0.65 -0.68 5
231101113 100428.29 100441.09 0.54 0.57 -1.01 5
231110210 100429.03 100441.09 0.90 -0.13 -0.86 5
231113301 100428.71 100442.06 0.52 -0.22 -0.51 5
231122332 100428.95 100443.09 0.45 0.54 -0.92 5
231132023 100428.41 100442.31 0.45 0.33 -0.93 5
231201120 100428.34 100440.96 0.50 0.48 -0.88 5
231210211 100429.61 100440.91 0.46 0.24 -0.71 5
231213301 100428.44 100439.06 0.53 0.35 -0.80 5
231222332 100428.53 100438.70 0.68 0.12 -0.89 5
231232023 100428.05 100437.33 0.49 0.39 -0.59 5
231301120 100428.92 100435.88 0.63 0.18 -0.45 5
231310211 100428.26 100436.71 0.39 0.33 -0.56 5
231313302 100428.48 100436.15 0.47 0.82 -0.72 5
231322332 100428.63 100437.23 0.84 0.50 -0.43 5
231332023 100429.11 100438.96 1.23 0.64 -1.54 5
232001120 100429.16 100438.58 0.21 0.65 -0.37 5
232010211 100428.97 100438.52 0.50 0.71 -0.69 5
232013302 100429.14 100437.98 0.84 0.75 -0.44 5
232022333 100429.01 100438.60 0.31 0.31 -0.45 5
232032023 100428.98 100440.35 0.70 0.58 -1.07 5
232101120 100427.18 100440.18 0.83 0.69 -0.68 5
232110211 100427.95 100440.38 0.58 0.27 -0.89 5
232113302 100428.73 100439.80 0.79 0.67 -0.51 5
232122333 100429.13 100441.50 0.50 0.49 -0.54 5
232132023 100429.51 100441.45 0.65 0.60 -1.09 5
232201121 100428.73 100441.55 0.47 0.40 -0.95 5
232210212 100429.40 100442.05 0.65 0.49 -0.68 5
232213303 100428.62 100442.10 0.65 0.45 -0.89 5
232222333 100428.25 100442.12 0.52 0.38 -0.84 5
232232030 100428.37 100440.61 0.46 0.23 -0.35 5
232301121 100428.63 100439.33 0.90 0.56 -1.13 5
232310212 100428.36 100439.69 0.75 0.17 -0.68 5
232313303 100428.18 100440.36 0.52 0.81 -0.64 5
232323000 100428.90 100440.10 0.82 0.54 -0.67 5
232332033 100428.56 100439.92 0.43 0.48 -0.37 5
233001130 100428.30 100438.41 0.68 0.37 -0.19 5
233010221 100429.11 100438.45 0.93 0.74 -1.41 5
233013312 100429.00 100438.88 0.13 1.01 -0.75 5
233023010 100428.88 100440.09 0.74 0.74 -0.62 5
233032101 100428.47 100440.77 0.56 0.85 -0.88 5
233101133 100427.91 100439.66 0.48 0.14 -0.45 5
233110230 100429.05 100439.17 0.60 0.51 -0.24 5
233113321 100429.44 100439.73 0.64 0.23 -0.77 5
233123013 100429.33 100440.38 0.52 0.25 -0.53 5
233132110 100429.23 100439.24 0.60 0.61 -0.59 5
233201201 100429.02 100439.73 0.73 0.69 -0.64 5
233210232 100428.49 100439.35 0.31 0.82 -0.51 5
233213330 100427.73 100439.68 0.61 0.46 -0.25 5
233223021 100428.64 100441.02 0.99 0.83 -1.39 5
233232112 100428.80 100440.13 0.31 1.10 -0.66 5
233301210 100428.67 100441.76 0.66 0.44 -0.37 5
233310301 100428.80 100442.95 0.33 1.05 -0.96 5
233313332 100429.44 100441.96 0.51 0.13 -0.33 5
233323023 100428.59 100442.67 0.71 0.38 -0.50 5
233332121 100429.03 100442.06 0.99 -0.06 -0.46 5
300001212 100428.72 100441.67 0.49 0.51 -0.53 5
300010303 100428.38 100442.78 1.00 0.56 -0.68 5
300020000 100428.52 100442.54 0.58 0.32 -0.66 5
300023032 100428.41 100443.16 0.60 0.55 -0.33 5
300032123 100428.77 100442.12 0.56 0.71 -0.76 5
300101220 100428.70 100439.67 1.16 -0.16 -0.85 5
300110311 100428.27 100439.67 0.62 0.53 -0.34 5
300120003 100429.13 100441.09 0.62 0.56 -0.47 5
300123100 100429.06 100441.09 0.34 0.46 -0.33 5
300132131 100428.95 100441.68 0.62 0.40 -0.21 5
300201223 100428.96 100440.70 1.11 0.71 -0.99 5
300210321 100428.25 100441.77 0.80 0.12 -0.24 5
300220012 100428.65 100442.15 0.73 0.37 -0.67 5
300223110 100427.63 100441.02 0.72 0.22 -0.92 5
300232201 100426.84 100440.52 0.36 1.03 -0.50 5
300301232 100429.05 100439.38 0.51 0.33 -0.77 5
300310322 100428.51 100438.38 0.69 0.43 -0.52 5
300320013 100427.73 100437.89 0.63 0.74 -0.55 5
300323111 100428.62 100435.75 0.59 0.31 -0.59 5
300332203 100429.13 100434.02 0.68 0.46 -0.54 5
301001301 100429.26 100434.83 0.95 0.79 -0.57 5
301010332 100429.36 100437.03 0.40 -0.98 0.06 5
301020023 100429.32 100437.31 0.49 0.05 -0.42 5
301023122 100428.60 100436.80 1.20 0.73 -1.01 5
301032213 100428.36 100436.47 0.14 1.21 -0.83 5
301101310 100427.66 100436.00 0.43 0.44 -0.67 5
301111300 100428.38 100438.74 0.37 0.99 -0.94 5
301120331 100427.41 100438.82 1.07 -0.35 -0.64 5
301130023 100427.40 100438.62 1.08 0.87 -0.71 5
301133113 100428.82 100438.73 0.34 1.12 -0.35 5
301213311 100429.53 100439.99 1.52 -0.79 -0.14 5
301223013 100430.16 100441.48 1.47 1.84 -2.00 5
301232111 100428.66 100442.04 1.52 -1.12 -0.46 5
301301202 100429.02 100443.47 2.06 1.05 -1.62 5
301310233 100428.80 100443.30 0.51 1.54 -0.35 5
301320101 100429.16 100442.59 0.25 1.25 0.24 5
301323132 100428.96 100442.80 1.82 -0.85 -1.39 5
301332223 100427.70 100445.42 0.74 1.14 0.00 5
302022112 100430.02 100452.44 0.46 1.67 -0.37 5
302031202 100430.03 100453.07 0.83 -0.88 -0.80 5
302100322 100429.13 100454.42 0.78 0.62 -1.33 5
302110013 100428.53 100454.01 1.05 1.21 -0.82 5
302113110 100427.30 100454.38 0.70 1.03 -0.60 5
302122301 100428.38 100455.42 0.74 0.93 -0.65 5
302131332 100429.16 100455.27 0.36 0.41 -0.50 5
302201023 100427.85 100456.08 0.39 0.55 -0.22 6
302210120 100427.41 100455.77 0.56 0.48 -0.70 6
302213211 100427.25 100457.41 0.34 1.10 -0.86 6
302230312 100429.43 100457.95 0.02 1.74 -0.54 6
302300002 100428.45 100458.91 1.90 -0.82 -1.06 6
302303123 100428.27 100461.97 1.61 -0.64 -0.47 6
302312213 100428.17 100462.51 0.37 0.56 -1.01 6
302321333 100428.02 100463.03 0.62 0.33 -0.54 6
302332323 100430.13 100464.61 0.49 0.95 -0.29 6
303002020 100429.83 100465.27 1.31 1.23 -1.35 6
303011110 100427.94 100466.38 0.18 0.64 0.36 6
303022123 100429.98 100470.34 0.76 -0.22 -1.45 6
303110102 100430.64 100473.16 0.50 0.41 -1.36 6
303113133 100430.03 100473.03 0.92 0.47 -0.73 6
303122230 100429.07 100474.20 0.71 0.37 -0.93 6
303133302 100429.80 100484.27 0.87 0.10 -0.46 6
303203000 100429.33 100483.45 0.65 0.42 -0.49 6
303212031 100428.80 100478.34 0.78 0.36 -0.61 6
303221123 100428.28 100474.52 0.81 0.35 -0.82 6
303230213 100426.81 100472.64 0.70 0.41 -0.57 6
303300032 100428.13 100472.47 0.57 0.41 -0.79 6
303303130 100428.80 100471.89 0.79 0.46 -0.52 6
303312221 100428.23 100472.02 0.66 0.48 -0.60 6
303321312 100428.13 100473.17 0.68 0.28 -0.66 6
303331003 100428.02 100474.20 0.56 0.51 -0.64 6
310000100 100428.42 100473.29 0.60 0.31 -0.42 6
310003132 100426.55 100473.30 0.62 0.48 -1.13 6
310012222 100426.95 100472.69 0.55 0.91 -1.19 6
310021313 100427.73 100472.16 0.63 0.71 -0.63 6
310031010 100427.77 100474.05 0.69 0.60 -0.78 6
310100101 100428.17 100473.89 0.45 0.75 -0.93 6
310103132 100428.03 100474.72 0.56 0.54 -0.34 6
310112223 100429.01 100474.02 0.71 0.62 -0.84 6
310121320 100428.41 100474.88 1.01 0.09 -0.44 6
310131011 100428.25 100473.66 0.43 0.13 -0.26 6
310200102 100428.13 100473.19 0.54 0.59 -0.81 6
310203133 100427.69 100474.52 0.44 -0.16 -0.36 6
310212230 100428.32 100474.18 0.40 0.16 -0.25 6
310221321 100428.73 100474.32 0.70 0.62 -0.75 6
310231012 100428.01 100473.06 0.76 0.34 -0.39 6
310300103 100428.41 100474.16 0.38 0.29 -0.26 6
310303200 100428.84 100473.91 0.96 0.29 -0.64 6
310312232 100428.55 100473.55 0.23 0.53 -0.72 6
310321323 100428.18 100473.77 0.40 0.48 -0.41 6
310331020 100427.99 100474.13 0.62 0.48 -0.69 6
311000112 100427.56 100473.16 0.67 1.16 -0.87 6
311003203 100428.44 100474.05 0.57 0.84 -0.73 6
311012301 100428.09 100474.06 0.58 0.83 -0.48 6
311021332 100427.86 100475.49 0.76 0.72 -1.06 6
311031023 100427.92 100474.13 0.28 0.58 -0.81 6
311100120 100428.09 100474.36 0.63 0.51 -0.53 6
311103211 100427.58 100473.95 0.69 0.81 -1.10 6
311112302 100428.52 100474.82 0.93 -0.46 -0.25 6
311122000 100427.36 100474.43 0.43 0.37 -0.50 6
311131031 100427.80 100473.84 0.59 0.57 -0.79 6
311200121 100428.43 100474.13 -0.00 0.78 -0.73 6
311203220 100428.44 100475.03 0.09 0.59 -0.47 6
311212311 100428.98 100475.86 0.61 0.76 -0.90 6
311222003 100429.39 100476.52 0.44 0.37 -0.54 6
311231100 100428.65 100473.60 0.57 0.03 -0.50 6
311300132 100427.71 100473.69 0.49 0.53 -0.55 6
311303223 100428.37 100475.01 0.37 0.84 -1.01 6
311312320 100428.78 100476.36 -0.30 0.74 -0.54 6
311322011 100429.00 100475.91 0.11 0.69 -0.93 6
311331102 100429.05 100474.64 0.66 0.56 -0.82 6
312000133 100428.67 100474.16 0.13 0.72 -0.73 6
312003231 100428.42 100474.97 0.27 0.50 -0.77 6
312012322 100428.71 100474.75 0.65 0.93 -1.32 6
312022013 100428.69 100474.55 0.65 -0.78 -0.53 6
312031110 100429.06 100474.05 0.19 0.33 -1.20 6
312101100 100429.14 100475.67 0.38 0.43 -0.68 6
312110131 100428.85 100476.33 0.65 0.60 -1.06 6
312113222 100429.27 100475.48 0.64 0.47 -0.56 6
312122312 100430.22 100474.81 0.38 0.43 -0.62 6
312132122 100428.84 100474.87 0.51 0.54 -0.68 6
312201212 100427.79 100475.28 0.51 0.54 -0.64 6
312210303 100427.94 100475.13 0.42 0.61 -0.71 6
312220000 100427.95 100474.77 0.25 0.59 -0.61 6
312223203 100427.92 100474.59 0.37 0.61 -0.53 6
312232300 100428.79 100474.77 0.39 0.74 -0.73 6
312301331 100428.59 100474.97 0.51 0.65 -0.57 6
312311021 100427.86 100475.84 0.26 0.43 -0.52 6
312320230 100428.59 100473.98 0.49 0.60 -0.71 6
312323321 100428.34 100473.66 0.55 0.53 -0.52 6
312333012 100429.11 100474.32 0.53 0.78 -0.80 6
313002103 100429.55 100474.88 0.19 0.48 -0.72 6
313011200 100427.45 100474.34 0.43 0.21 -0.28 6
313020230 100428.00 100473.39 0.47 0.37 -0.64 6
313023321 100429.31 100473.65 0.57 0.38 -0.57 6
313033012 100428.10 100473.87 0.40 0.28 -0.18 6
313102103 100428.61 100473.73 0.61 0.15 -0.34 6
313111200 100428.72 100473.52 0.37 0.84 -1.06 6
313120231 100428.47 100474.17 0.21 0.43 -0.49 6
313123322 100428.05 100474.19 0.39 0.23 -0.50 6
313133013 100428.20 100472.92 0.42 0.55 -0.46 6
313202110 100427.94 100473.34 0.46 0.72 -0.72 6
313211200 100428.42 100473.40 0.61 -0.14 -0.42 6
313220231 100428.47 100472.27 0.52 0.38 -0.72 6
313223322 100427.30 100474.16 0.64 0.49 -0.50 6
313233013 100427.41 100473.40 0.45 0.94 -1.07 6
313302110 100427.95 100472.17 0.45 0.86 -1.00 6
313311200 100428.67 100470.85 0.45 0.58 -0.48 6
313320301 100428.07 100470.56 0.51 0.53 -0.53 6
313323332 100430.05 100471.52 0.48 0.57 -0.73 6
313333023 100428.99 100472.09 0.48 0.58 -0.58 6
320002120 100427.05 100473.47 0.51 0.60 -0.70 6
320011211 100427.44 100474.80 0.49 0.62 -0.78 6
320020302 100428.70 100475.79 0.51 0.52 -0.62 6
320023333 100427.62 100476.76 0.51 0.55 -0.70 6
320033030 100428.49 100475.27 0.51 0.53 -0.63 6
320102120 100427.38 100475.06 0.48 0.60 -0.68 6
320111211 100428.40 100475.97 0.44 0.51 -0.65 6
320121220 100428.50 100475.95 0.45 0.57 -0.69 6
320130311 100429.13 100475.54 0.52 0.60 -0.71 6
320200002 100429.05 100475.78 0.46 0.55 -0.68 6
320203033 100429.36 100477.27 0.46 0.61 -0.68 6
320212130 100428.16 100478.33 0.49 0.58 -0.67 6
320221221 100427.64 100477.25 0.45 0.63 -0.73 6
320230311 100427.92 100477.63 0.54 0.55 -0.71 6
320302102 100428.39 100475.94 0.51 0.51 -0.65 6
320311133 100428.58 100475.66 0.49 0.54 -0.69 6
320320230 100427.33 100475.16 0.46 0.61 -0.70 6
320323321 100428.33 100476.11 0.49 0.63 -0.71 6
320333011 100428.53 100474.95 0.47 0.57 -0.68 6
321002102 100428.16 100473.85 0.49 0.60 -0.68 6
321011133 100428.65 100474.30 0.43 0.57 -0.69 6
321020230 100428.34 100474.68 0.53 0.65 -0.67 6
321023321 100426.81 100475.98 0.40 0.57 -0.63 6
321033012 100427.46 100474.84 0.60 0.55 -0.71 6
321102103 100428.13 100474.87 0.34 0.64 -0.62 6
321111200 100427.70 100474.09 0.59 0.33 -0.58 6
321120231 100427.73 100473.71 0.34 0.52 -0.62 6
321123322 100428.38 100474.06 0.64 0.79 -0.48 6
321133013 100428.23 100473.84 0.60 0.27 -0.43 6
321202110 100427.92 100474.19 0.23 0.78 -0.90 6
321211201 100428.46 100475.17 0.34 0.60 -0.57 6
321220232 100428.47 100474.50 0.44 0.87 -0.92 6
321223322 100428.16 100473.88 0.29 0.92 -0.89 6
321233011 100427.22 100474.91 0.36 0.60 -0.60 6
321302102 100427.03 100475.39 0.57 0.62 -0.70 6
321311222 100427.46 100475.44 0.83 -0.19 -0.66 6
321320313 100428.30 100475.91 0.08 0.78 -0.43 6
321330010 100428.72 100475.99 0.28 0.73 -0.59 6
321333100 100428.23 100474.77 0.42 0.94 -0.93 6
322002131 100428.09 100474.45 0.31 0.63 -0.45 6
322011222 100427.89 100473.42 0.46 0.50 -0.47 6
322020313 100427.88 100474.13 0.76 0.43 -1.05 6
322030010 100427.96 100472.95 0.39 0.74 -0.73 6
322033101 100428.13 100472.27 0.69 0.88 -0.49 6
322102132 100428.30 100473.31 0.59 0.84 -0.85 6
322111223 100426.77 100473.56 0.26 0.17 -0.53 6
322120320 100428.08 100473.55 0.53 0.90 -0.87 6
322130011 100428.18 100473.48 0.56 0.84 -0.71 6
322133102 100427.54 100473.08 0.79 1.08 -1.27 6
322202200 100426.80 100472.27 0.27 1.23 -0.78 6
322211231 100426.75 100472.63 0.94 0.67 -0.67 6
322220321 100428.03 100472.50 0.51 0.40 -0.44 6
322230013 100427.75 100472.11 0.34 0.29 -0.14 6
322233110 100427.34 100472.06 0.22 0.71 -0.47 6
322302201 100427.55 100472.08 -0.04 0.71 -0.41 6
322311232 100427.34 100470.97 0.44 0.19 -1.09 6
322320323 100427.58 100471.41 0.46 0.65 -0.54 6
322330013 100427.41 100472.31 0.65 0.62 -0.53 6
322333212 100428.37 100471.30 0.57 0.63 -0.57 6
323002303 100428.16 100471.16 0.47 0.71 -0.57 6
323011333 100427.18 100472.02 0.78 0.47 -0.98 6
323023012 100428.72 100468.70 0.51 0.88 -0.43 6
323032103 100428.63 100468.43 0.76 1.07 -1.29 6
323101200 100426.66 100470.11 0.71 0.53 -0.71 6
323110331 100428.08 100470.56 0.51 -0.03 -0.04 6
323120022 100427.85 100470.14 0.62 0.53 -0.57 6
323131022 100429.38 100470.43 0.73 -0.75 -0.53 6
323200131 100428.40 100471.30 0.34 0.44 -1.22 6
323203222 100426.58 100471.55 0.69 0.01 -0.29 6
323223331 100428.46 100474.31 0.41 0.48 -0.25 6
323233023 100428.57 100474.20 0.36 1.06 -0.55 6
323302202 100428.53 100474.08 0.95 2.08 -1.77 6
323311311 100427.11 100474.96 -0.02 2.60 -1.18 6
323321001 100427.23 100474.99 1.47 -0.06 -0.65 6
323332002 100428.92 100478.07 0.71 0.52 -0.37 6
330001110 100429.67 100479.33 2.00 0.08 -0.50 6
330120111 100430.00 100488.55 0.86 2.15 -0.90 6
330123203 100428.44 100488.91 0.25 1.31 -1.31 6
330132233 100427.50 100489.19 0.90 1.75 -0.87 6
330302220 100429.20 100492.77 0.67 0.37 -0.56 6
330321031 100429.98 100488.41 0.64 1.39 -1.78 6
330332020 100428.91 100491.70 0.10 0.89 -1.05 6
331003010 100428.69 100496.22 0.54 1.49 -0.89 7
331023102 100430.42 100500.58 0.68 0.70 -1.09 7
331032133 100428.65 100500.24 0.70 -0.04 -0.28 7
331330212 100428.72 100516.16 0.71 0.39 -0.46 7
331333303 100427.87 100517.24 0.56 0.43 -0.94 7
332003000 100426.94 100515.03 0.59 0.40 -0.70 7
332012131 100426.22 100510.47 0.67 0.18 -0.36 7
332031002 100427.48 100508.88 0.47 0.26 -0.76 7
332100033 100427.13 100509.21 0.28 0.24 -0.47 7
332103130 100427.31 100509.53 0.51 0.27 -0.91 7
332112221 100426.28 100510.88 0.50 0.57 -0.74 7
332121312 100426.35 100512.55 0.41 0.30 -0.60 7
332131003 100426.72 100511.33 0.54 0.79 -0.82 7
332200101 100426.58 100511.77 0.48 0.42 -0.70 7
332203132 100427.44 100512.42 0.59 0.79 -1.10 7
332213111 100428.16 100513.74 0.61 -0.73 -0.33 7
332222202 100427.66 100514.07 0.52 1.41 -0.73 7
332231233 100427.13 100514.54 0.78 0.38 -0.99 7
332300330 100427.49 100513.90 0.35 0.43 -0.82 7
332312020 100428.85 100512.92 0.48 0.66 -0.61 7
332321110 100428.44 100513.91 0.73 0.75 -0.92 7
332333333 100428.75 100512.85 0.61 0.77 -0.59 7
333003030 100428.40 100511.47 0.78 0.50 -0.98 7
333012122 100427.09 100512.76 0.50 1.28 -0.93 7
333021213 100426.82 100513.70 0.45 0.63 -0.55 7
333030310 100426.92 100514.75 0.58 0.29 -0.77 7
333100000 100428.09 100514.13 0.62 1.02 -0.95 7
333103231 100427.98 100514.58 0.27 0.39 -0.98 7
333112322 100427.70 100514.39 0.35 0.61 -0.78 7
333122013 100427.20 100514.20 0.63 0.58 -0.87 7
333131210 100427.71 100513.30 0.39 0.75 -0.65 7
333200301 100427.74 100513.66 0.72 0.26 -0.65 7
333203332 100427.41 100513.59 0.36 0.65 -0.51 7
333213123 100427.92 100512.41 0.42 0.34 -0.17 7
333222213 100427.30 100512.12 0.18 1.09 -0.97 7
333231333 100427.66 100512.50 0.62 0.47 -0.82 7
333301030 100427.22 100513.15 0.71 0.50 -0.77 7
333310121 100427.73 100512.20 0.58 0.68 -0.84 7
333313213 100428.56 100513.01 0.40 0.61 -0.49 7
333322310 100428.44 100513.63 0.50 0.43 -0.64 7
333332001 100427.77 100512.17 0.58 0.40 -0.69 7
1000001032 100427.81 100511.81 0.62 0.57 -0.57 7
1000010123 100428.36 100511.68 0.57 0.53 -0.69 7
1000013213 100427.63 100511.53 0.53 0.52 -0.63 7
1000023210 100428.47 100513.33 0.59 0.57 -0.70 7
1000032302 100427.76 100513.25 0.53 0.50 -0.70 7
1000102000 100427.17 100513.52 0.55 0.52 -0.64 7
1000111031 100427.83 100513.29 0.55 0.46 -0.59 7
1000120122 100427.31 100513.95 0.51 0.51 -0.64 7
1000123220 100426.87 100512.98 0.51 0.58 -0.67 7
1000132311 100427.09 100511.88 0.57 0.54 -0.72 7
1000202002 100426.71 100511.52 0.51 0.37 -0.68 7
1000211313 100427.95 100511.34 0.36 0.71 -0.62 7
1000221010 100427.98 100510.83 0.53 0.89 -0.88 7
1000230101 100427.69 100510.72 0.55 0.72 -0.96 7
1000233133 100427.14 100512.13 0.46 0.59 -0.74 7
1000302230 100427.52 100512.34 0.46 0.52 -0.70 7
1000311321 100428.46 100512.97 0.56 0.79 -0.95 7
1000321013 100427.80 100514.59 0.67 0.32 -0.61 7
1000330111 100427.63 100516.00 0.47 0.48 -0.72 7
1000333201 100427.82 100516.76 0.58 0.65 -0.54 7
1001003123 100427.41 100516.05 0.46 -0.01 -0.28 7
1001012221 100427.90 100516.30 0.28 0.77 -0.86 7
1001021312 100427.19 100515.23 0.37 0.88 -0.94 7
1001031102 100426.74 100515.11 0.41 0.83 -1.00 7
1001100200 100427.64 100514.81 0.34 0.14 -0.82 7
1001103231 100426.57 100515.03 0.26 0.67 -0.80 7
1001112323 100426.93 100515.98 0.45 0.49 -0.68 7
1001122020 100426.91 100514.20 0.65 0.59 -0.97 7
1001131111 100427.47 100513.63 0.30 0.72 -0.78 7
1001200202 100428.04 100514.34 0.51 0.11 -0.79 7
1001210102 100428.12 100515.66 0.79 0.73 -1.04 7
1001213211 100427.54 100515.01 0.34 0.92 -0.87 7
1001222302 100427.87 100515.16 0.52 0.20 -0.97 7
1001301130 100429.23 100516.20 0.75 0.57 -0.85 7
1001310222 100428.84 100516.03 0.46 0.56 -0.65 7
1001313313 100428.13 100514.55 0.54 0.30 -0.45 7
1001323011 100427.45 100515.09 0.75 0.49 -0.50 7
1001332102 100426.69 100515.25 0.62 0.20 -0.75 7
1002001133 100428.28 100516.64 0.35 0.85 -0.91 7
1002011022 100428.12 100516.30 0.54 0.38 -0.75 7
1002020113 100428.56 100516.22 0.73 0.29 -0.83 7
1002023233 100428.16 100516.80 0.97 -0.06 -0.23 7
1002032330 100427.74 100515.71 0.24 0.97 -0.99 7
1002102103 100426.78 100512.96 0.35 0.49 -0.73 7
1002111201 100426.24 100512.95 0.40 0.44 -0.59 7
1002120231 100426.15 100512.46 0.20 0.72 -0.79 7
1002130022 100426.94 100513.47 0.54 0.28 -0.75 7
1002133113 100427.53 100514.41 0.61 0.59 -0.59 7
1002202233 100427.00 100512.89 0.25 0.90 -0.69 7
1002211330 100427.63 100512.47 0.40 0.19 -0.45 7
1002221021 100427.66 100511.80 0.81 0.73 -0.76 7
1002230112 100426.75 100512.53 0.36 0.33 -0.43 7
1002233203 100427.63 100512.73 0.54 0.15 -0.38 7
1002302301 100427.21 100513.25 0.69 0.73 -0.77 7
1002311332 100427.58 100513.72 0.49 0.49 -0.46 7
1002321022 100426.20 100512.61 0.63 0.19 -0.20 7
1002331001 100427.50 100513.88 0.65 0.66 -0.72 7
1003000033 100427.27 100514.59 0.24 0.41 -0.48 7
1003003130 100427.44 100513.77 0.65 0.02 -0.27 7
1003012221 100427.50 100515.16 0.70 0.40 -0.44 7
1003021313 100426.92 100515.40 0.58 0.09 -0.53 7
1003031010 100427.63 100515.39 0.76 0.35 -0.76 7
1003100101 100427.57 100515.44 0.81 0.86 -0.77 7
1003103133 100426.73 100515.54 0.35 0.12 -0.68 7
1003112230 100426.92 100515.50 0.49 0.48 -0.54 7
1003121322 100426.47 100516.59 0.68 0.48 -1.15 7
1003131320 100427.60 100515.04 0.73 -0.05 -0.34 7
1003201011 100426.84 100514.92 0.53 0.80 -1.00 7
1003210131 100427.21 100514.48 0.53 0.03 -0.59 7
1003213222 100427.63 100513.77 0.37 0.65 -0.33 7
1003222320 100427.58 100513.70 0.70 0.48 -0.91 7
1003232011 100427.60 100514.38 0.65 0.91 -0.60 7
1003301102 100427.61 100515.47 0.67 0.29 -0.30 7
1003310133 100427.52 100515.45 0.75 0.42 -0.51 7
1003313231 100427.51 100516.28 0.34 -0.21 -0.71 7
1003323131 100427.38 100515.02 0.73 0.26 -0.88 7
1003332222 100427.77 100515.48 0.65 0.46 -0.59 7
1010001320 100427.70 100514.89 0.78 -0.35 -0.77 7
1010011011 100427.79 100515.86 0.40 0.73 -1.25 7
1010020103 100427.56 100515.78 0.96 0.93 -0.72 7
1010023200 100427.80 100514.11 0.25 0.60 -0.51 7
1010032231 100427.05 100514.52 0.58 0.46 -0.79 7
1010102131 100427.10 100515.18 0.55 0.18 -0.12 7
1010111222 100427.92 100515.15 0.18 1.09 -0.49 7
1010120320 100427.73 100514.56 0.63 0.89 -1.00 7
1010130011 100427.91 100514.55 0.43 1.10 -0.88 7
1010133102 100427.44 100515.28 0.43 0.95 -0.87 7
1010202200 100427.39 100512.66 0.44 0.53 -0.36 7
1010211231 100427.09 100513.26 0.78 0.20 -0.65 7
1010220322 100427.17 100511.94 0.48 0.61 -0.78 7
1010230013 100426.67 100512.41 0.70 0.49 -0.66 7
1010233111 100427.76 100513.88 0.52 0.30 -0.73 7
1010302202 100426.87 100511.64 0.39 0.71 -0.65 7
1010311300 100427.74 100510.48 0.56 0.68 -0.69 7
1010320331 100427.68 100509.93 0.80 0.82 -0.95 7
1010330022 100427.77 100510.49 0.23 -0.16 -0.69 7
1010333113 100427.13 100511.27 0.69 -0.10 -0.46 7
1011002210 100427.49 100510.19 0.75 0.55 -0.65 7
1011011302 100427.51 100508.64 0.89 0.13 -0.81 7
1011020333 100427.13 100509.54 0.61 0.48 -0.53 7
1011030033 100427.14 100510.85 0.45 0.46 -0.50 7
1011033122 100428.10 100511.98 1.81 0.36 -1.48 7
1011102210 100428.12 100514.33 0.23 1.21 -0.18 7
1011111233 100426.91 100514.73 0.34 0.39 -0.40 7
1011120332 100426.93 100515.45 0.92 -1.26 -0.34 7
1011130021 100428.20 100516.45 1.07 -0.04 -0.44 7
1011133120 100428.23 100515.83 1.12 0.15 -0.21 7
1011202203 100428.63 100518.40 1.59 0.00 -1.21 7
1011211300 100428.43 100518.94 0.24 0.74 -0.57 7
1011232132 100429.51 100521.70 1.10 0.81 -1.04 7
1011301221 100428.72 100522.07 0.72 0.06 -1.33 7
1011310310 100428.05 100523.72 0.40 0.85 -0.72 7
1011320002 100427.47 100525.16 0.99 1.14 -0.69 7
1011323031 100427.59 100526.39 0.49 0.48 -0.82 7
1011332131 100427.15 100526.62 0.55 0.28 -0.93 7
1012002030 100427.76 100523.86 1.07 0.78 -1.53 7
1012011112 100427.94 100523.14 0.92 -0.59 -0.60 7
1012020211 100427.05 100524.80 0.44 0.93 -0.72 7
1012023310 100427.30 100524.63 0.51 0.69 -0.72 7
1012033111 100428.17 100526.38 1.07 -0.62 -0.19 7
1012102200 100427.71 100526.41 0.87 0.47 -0.52 7
1012111233 100427.98 100526.42 0.28 1.32 -0.77 7
1012121030 100428.74 100529.67 0.70 0.75 -0.51 7
1012130113 100428.41 100529.94 -0.09 1.54 -1.01 7
1012201121 100429.52 100532.40 1.32 -0.69 0.05 7
1012212111 100430.56 100536.11 0.56 0.92 -0.41 7
1012221213 100429.39 100537.43 0.42 -0.02 -0.08 7
1012300030 100429.13 100540.46 1.53 0.74 -1.19 7
1012303113 100428.64 100541.73 1.04 0.36 -0.53 7
1012312210 100427.75 100542.12 0.61 -0.13 0.07 7
1012323230 100428.49 100543.08 1.42 0.56 -1.50 7
1012332330 100428.58 100543.04 1.28 0.42 -0.32 7
1013002022 100427.89 100543.62 0.32 0.32 -0.37 7
1013011220 100427.31 100547.09 1.02 1.39 -0.83 7
1013020313 100427.47 100547.49 0.52 0.38 -0.41 7
1013030012 100428.26 100547.47 0.95 -0.58 0.22 7
1013033122 100427.48 100548.22 1.35 -0.14 -0.58 7
1013110111 100428.64 100549.56 0.98 0.66 -0.29 7
1013122322 100429.27 100550.86 0.12 0.37 -0.59 7
1013132010 100428.56 100552.63 0.79 0.41 -0.31 7
1013223112 100429.19 100553.47 0.54 0.29 -0.51 7
1013232200 100428.52 100553.82 0.37 0.51 -0.48 7
1013303203 100428.53 100554.33 0.75 0.41 -0.70 7
1013323301 100430.63 100552.47 0.87 0.77 -0.73 7
1013332330 100429.59 100553.02 0.57 0.67 -0.69 7
1020011220 100429.32 100553.39 0.74 0.78 -0.70 7
1020020302 100428.39 100554.04 0.82 0.64 -0.84 7
1020030031 100428.20 100553.07 0.36 0.48 -0.39 7
1020033120 100428.15 100552.70 0.41 0.66 -0.23 7
1020102202 100427.98 100552.61 0.71 0.52 -0.40 7
1020111301 100427.91 100551.73 0.93 1.07 -1.35 7
1020120330 100427.42 100552.46 0.59 1.28 -0.56 7
1020130023 100428.67 100553.14 0.68 0.72 -0.57 7
1020133123 100428.56 100553.29 0.69 0.50 -0.53 7
1020202211 100428.31 100555.24 0.53 0.69 -0.45 7
1020211311 100427.63 100555.66 0.65 0.76 -0.48 7
1020221010 100428.40 100555.88 0.69 0.56 -0.37 7
1020230033 100428.05 100556.70 0.59 0.45 -0.20 7
1020233122 100427.98 100557.09 0.74 0.48 -0.33 7
1020302222 100428.19 100557.51 0.80 0.55 -0.21 7
1020311322 100428.42 100556.75 0.83 1.09 -0.83 7
1020321022 100427.79 100556.36 0.76 0.69 -0.29 7
1020330121 100428.45 100555.84 0.72 0.62 -0.18 7
1020333210 100428.05 100554.89 0.77 0.52 -0.35 7
1021002303 100428.17 100554.83 0.72 0.58 -0.21 7
1021011331 100428.73 100553.56 1.03 0.35 -0.30 7
1021021020 100428.38 100553.48 0.87 0.49 -0.32 7
1021030103 100428.29 100552.80 0.72 1.04 -0.56 7
1021033221 100428.19 100552.59 0.79 0.68 -0.39 7
1021102320 100428.27 100551.62 0.71 0.44 -0.42 7
1021112020 100428.66 100550.08 0.73 0.73 -0.39 7
1021121102 100428.27 100550.75 0.68 0.75 -0.28 7
1021130202 100428.14 100551.53 0.66 0.56 -0.33 7
1021133230 100428.19 100553.80 0.79 0.57 -0.25 7
1021202322 100428.35 100554.91 0.74 0.51 -0.20 7
1021212210 100428.96 100554.14 0.73 0.60 -0.28 7
1021221233 100428.53 100552.56 0.74 0.59 -0.22 7
1021230332 100428.95 100552.16 0.63 0.71 -0.27 7
1021300030 100428.34 100553.44 0.91 0.40 -0.30 7
1021303231 100429.36 100554.64 0.62 0.72 -0.36 7
1021320221 100429.45 100554.66 0.59 0.38 -0.26 7
1021323310 100428.96 100555.04 0.71 0.73 -1.14 7
1021333003 100428.39 100555.53 0.32 1.69 -0.80 7
1022002102 100428.73 100554.81 0.46 0.23 -0.31 7
1022011302 100428.98 100556.48 1.62 -0.54 -0.81 7
1022030112 100429.84 100560.55 0.88 0.30 -0.56 7
1022033221 100429.71 100560.51 0.29 0.93 -1.40 7
1022112032 100430.38 100562.08 0.64 1.32 -0.62 7
1022121120 100430.36 100562.30 0.78 -1.17 -0.73 7
1022132130 100430.61 100563.44 0.50 0.47 -0.80 7
1022201222 100429.79 100563.58 0.10 1.32 -0.96 7
1030302113 100429.87 100593.77 1.14 -0.47 -0.93 7
1030311202 100428.39 100592.69 0.57 0.43 -0.26 7
1032013311 100428.95 100587.22 0.71 0.17 -0.84 7
1032023003 100427.89 100587.38 0.54 -0.21 -1.37 7
1101211232 100428.43 100582.91 0.54 0.00 0.04 7
1101231330 100428.30 100582.45 0.92 0.87 -0.68 7
1110212001 100428.39 100569.84 0.84 1.14 -0.60 7
1111221121 100426.57 100559.85 0.73 0.87 0.22 7
1120013023 100427.28 100521.75 1.43 1.13 -1.74 7
1120133311 100427.41 100516.70 0.72 0.44 -0.59 7
1120202333 100426.17 100515.00 0.63 0.52 -0.04 7
1120220003 100425.78 100514.13 0.55 0.59 -0.44 7
1120223101 100425.92 100514.06 0.92 0.54 -0.54 7
1120333010 100426.86 100509.95 0.97 0.47 -0.71 7
1121112010 100427.45 100512.83 0.79 0.39 -0.19 7
1121130221 100425.88 100511.23 0.94 1.05 -0.54 7
1121221303 100426.60 100508.93 0.82 0.75 -0.39 7
1121230331 100424.76 100508.34 0.52 0.32 -0.58 7
1121302001 100426.09 100505.37 0.88 -0.25 0.12 7
1121311023 100425.28 100504.73 0.65 1.12 -0.49 7
1121320212 100424.63 100503.69 0.78 0.62 -0.25 7
1121323301 100424.61 100502.63 0.89 0.44 -0.41 7
1121333000 100424.13 100503.21 0.97 0.06 -0.18 7
1122002131 100424.45 100499.38 1.02 0.59 -0.20 7
1122011220 100424.23 100499.55 0.53 0.71 -0.07 7
1122020312 100423.69 100498.16 0.82 0.75 -0.34 7
1122030011 100424.90 100496.93 0.67 0.48 -0.15 7
1122121131 100425.98 100494.40 1.02 0.72 -0.84 7
1122130230 100425.84 100493.76 0.83 -0.55 0.62 7
1122232310 100426.41 100490.20 1.15 0.30 -0.12 6
1122311121 100426.35 100489.55 0.53 0.39 0.34 6
1122320220 100425.05 100490.04 0.84 0.56 -0.28 6
1122323302 100424.52 100489.72 0.95 1.04 -0.22 6
1122333100 100424.51 100488.48 1.30 0.80 -1.06 6
1123002123 100425.67 100488.75 0.48 0.55 0.02 6
1123013132 100425.16 100489.94 0.85 1.02 -0.80 6
1123022301 100425.13 100490.99 1.00 1.00 -0.19 6
1123032000 100424.36 100491.14 0.67 1.12 -0.70 6
1123113322 100426.01 100486.47 0.81 1.41 -0.81 6
1123123021 100425.30 100485.97 1.45 0.60 -0.88 6
1123132103 100423.83 100485.77 0.98 0.41 0.07 6
1123302030 100426.10 100480.60 0.77 0.28 -0.06 6
1123311133 100425.52 100481.11 1.04 0.40 -0.14 6
1123320221 100424.13 100480.32 0.83 0.45 -0.08 6
1130000333 100425.23 100476.81 1.09 0.12 -0.19 6
1130022313 100426.92 100475.95 0.95 0.93 -0.84 6
1130032001 100426.32 100474.63 0.96 -0.07 0.10 6
1130103010 100425.63 100471.00 1.09 0.04 -0.03 6
1130120000 100425.92 100469.63 1.16 0.02 0.10 6
1130123033 100425.73 100470.11 0.24 0.72 -0.22 6
1130132132 100425.98 100469.58 0.83 0.78 -0.09 6
1130231113 100427.48 100469.44 0.89 0.54 -0.51 6
1130300212 100425.37 100468.81 1.02 0.74 -0.08 6
1130303301 100424.66 100468.11 0.72 1.11 -0.26 6
1130333123 100425.61 100468.31 0.78 0.39 -0.25 6
1131002232 100426.46 100468.46 0.61 0.92 -0.19 6
1131012001 100424.87 100467.19 1.08 -0.20 0.25 6
1131021033 100424.58 100466.19 0.67 0.49 0.03 6
1131110303 100425.56 100462.45 0.96 0.64 -0.35 6
1131131001 100426.74 100462.04 0.36 -0.04 0.03 6
1131200100 100425.13 100462.59 1.79 0.52 -1.38 6
1131203212 100425.07 100459.97 1.17 0.66 -1.18 6
1131212311 100424.96 100459.17 0.70 0.38 -0.79 6
1131222010 100424.71 100457.11 1.18 -0.07 -0.20 6
1131231103 100425.27 100457.34 1.14 0.24 -0.10 6
1131300131 100424.63 100457.58 0.93 0.17 -0.30 6
1131322212 100425.28 100453.93 0.67 0.26 -1.29 6
1131331312 100425.28 100453.79 0.96 0.46 -0.39 6
1132001011 100425.13 100452.02 0.78 0.42 -0.98 5
1132010131 100424.75 100452.37 1.18 -0.24 -0.46 6
1132013220 100425.19 100451.75 0.59 0.87 -0.95 5
1132023002 100424.70 100451.33 1.04 0.26 -0.50 5
1132032030 100424.73 100451.04 1.40 0.31 -1.05 5
1132101130 100424.67 100450.41 0.74 1.02 -1.32 5
1132110320 100424.80 100449.52 1.11 0.42 -0.27 5
1132131012 100426.36 100450.61 0.63 0.67 -0.08 5
1132202002 100426.61 100450.15 1.30 -0.45 0.31 5
1132211102 100426.30 100450.16 0.84 0.02 0.37 5
1132220201 100424.16 100449.55 1.06 0.68 -0.14 5
1132223300 100424.65 100448.61 2.01 0.82 -1.37 5
1132232322 100424.44 100448.76 1.30 0.57 0.02 5
1132302132 100423.85 100448.35 1.04 0.25 0.29 5
1132311230 100424.83 100448.13 1.29 0.08 -0.61 5
1132320330 100423.96 100446.43 0.73 0.88 0.11 5
1132330023 100424.02 100444.45 1.39 0.47 0.12 5
1132333111 100423.95 100444.20 0.77 -0.02 -0.27 5
1133002321 100423.44 100445.22 0.76 0.65 -0.85 5
1133012020 100424.14 100445.13 0.89 0.70 -0.13 5
1133021103 100423.07 100442.88 0.86 -0.23 -0.13 5
1133030202 100423.78 100441.05 0.94 0.50 -0.97 5
1133033303 100423.92 100441.58 0.80 0.74 -0.20 5
1133103002 100424.40 100439.73 0.40 0.08 0.08 5
1133112101 100424.04 100438.13 0.11 0.85 -0.39 5
1133121200 100423.92 100436.67 0.08 0.30 0.15 5
1133130300 100424.18 100436.23 0.53 -0.65 -0.88 5
1133133323 100423.45 100435.96 0.81 0.17 0.29 5
1133203022 100424.38 100435.30 1.33 0.22 0.93 5
1133212122 100425.39 100432.94 0.39 -0.59 0.26 5
1133221221 100424.11 100433.70 3.03 -2.98 -2.36 5
1133230313 100425.01 100434.02 1.51 1.03 -1.51 5
1133300322 100425.00 100431.62 0.52 0.68 -1.46 5
1133310020 100424.97 100431.04 0.54 0.93 0.37 5
1133313113 100424.48 100430.19 1.34 0.84 -0.97 5
1133322213 100423.95 100429.73 0.27 0.41 -0.29 5
1133331302 100424.00 100429.30 0.25 1.75 -0.37 5
1200001002 100424.92 100429.25 0.25 0.65 1.08 5
1200010100 100423.41 100428.74 -0.22 1.42 0.08 5
1200013123 100424.09 100430.30 0.15 1.09 -0.56 5
1200022222 100422.84 100437.72 0.79 0.68 -1.61 5
1200031321 100423.82 100445.70 0.90 0.74 -1.60 5
1200101010 100423.73 100441.96 0.58 0.80 -0.77 5
1200110033 100423.65 100437.79 0.46 -0.17 -0.76 5
1200113132 100423.62 100437.48 0.49 0.12 -0.85 5
1200122231 100423.73 100438.76 0.63 0.43 -0.78 5
1200131330 100423.91 100439.08 0.63 0.29 -1.22 5
1200201030 100424.38 100436.94 0.24 0.49 -0.81 5
1200210122 100423.06 100435.77 0.41 0.59 -0.56 5
1200213222 100424.38 100436.02 0.71 0.45 -0.99 5
1200222321 100422.62 100437.49 0.44 0.89 -0.94 5
1200232013 100423.04 100438.17 0.06 0.37 -0.59 5
1200301102 100423.62 100439.38 0.30 -0.29 -1.49 5
1200310202 100423.59 100438.19 1.37 0.09 -0.69 5
1200313231 100422.84 100436.32 0.40 0.00 -0.20 5
1200322330 100423.49 100435.06 1.28 -0.18 -1.49 5
1200332013 100423.52 100434.25 0.44 -0.26 -2.25 5
1201001112 100423.02 100434.59 -0.03 -0.14 -0.65 5
1201010201 100423.23 100436.00 0.21 -0.45 -0.94 5
1201013230 100423.41 100435.89 0.55 0.31 -0.92 5
1201022330 100423.67 100437.52 0.83 0.03 -1.16 5
1201032030 100423.72 100437.55 0.52 0.47 -1.88 5
1201101123 100423.55 100435.28 -0.07 -0.04 -0.58 5
1201110212 100423.05 100435.01 0.05 -0.42 -0.84 5
1201113301 100423.73 100436.36 0.58 0.42 -1.36 5
1201123000 100424.17 100435.11 0.18 -0.02 -1.44 5
1201132100 100424.55 100434.29 0.87 -0.15 -1.64 5
1201201133 100424.20 100433.51 0.08 0.01 -2.01 5
1201210233 100424.19 100433.67 0.16 0.08 -0.16 5
1201213331 100423.73 100435.13 0.17 -0.36 -0.73 5
1201223020 100423.73 100434.88 0.94 0.33 -1.23 5
1201232102 100424.14 100434.34 0.26 -0.25 -0.69 5
1201301201 100424.49 100435.61 0.96 -0.08 -1.47 5
1201310300 100423.69 100434.23 0.38 -0.24 -1.31 5
1201313323 100424.35 100433.59 0.33 -0.51 -1.00 5
1201323011 100424.21 100433.55 -0.09 -0.86 -1.00 5
1201332101 100424.95 100434.19 0.55 0.10 -0.62 5
1202001133 100423.93 100434.77 0.53 -0.04 -1.48 5
1202010222 100423.85 100434.57 0.56 0.05 -1.60 5
1202013311 100423.90 100432.54 0.11 -0.23 -0.80 5
1202023011 100424.23 100433.49 0.16 -0.33 -0.10 5
1202032101 100423.59 100434.06 0.92 0.27 -1.95 5
1202101133 100423.90 100435.04 -0.02 -0.18 -0.94 5
1202110233 100424.36 100434.64 0.46 -0.05 -1.07 5
1202113333 100423.28 100434.17 0.57 -0.20 -0.90 5
1202123021 100423.95 100433.97 0.34 -0.53 -1.19 5
1202132110 100424.43 100433.11 0.45 -0.64 -1.44 5
1202201203 100424.42 100433.88 0.63 0.71 -0.72 5
1202210232 100424.37 100433.49 0.40 -0.00 -1.22 5
1202213331 100422.71 100433.46 0.51 0.08 -0.67 5
1202223020 100422.49 100433.50 1.11 -0.07 -1.27 5
1202232103 100423.30 100436.30 0.09 0.77 -1.15 5
1202301131 100424.13 100437.81 0.69 -0.32 -0.90 5
1202310232 100424.70 100435.34 0.63 0.00 -1.12 5
1202313331 100424.95 100436.03 0.37 0.27 -0.41 5
1202323020 100424.36 100436.52 0.47 -0.44 -0.87 5
1202332103 100423.80 100436.07 0.34 -0.35 -1.86 5
1203001201 100423.53 100435.69 0.20 -0.26 -1.42 5
1203010230 100423.63 100435.18 0.51 0.35 -1.13 5
1203020022 100424.01 100436.08 0.33 0.59 -1.37 5
1203023110 100424.47 100435.81 0.98 -0.25 -0.64 5
1203032133 100424.11 100433.56 0.51 0.55 -0.23 5
1203101232 100424.00 100434.51 0.61 0.93 -1.00 5
1203110331 100424.23 100432.62 0.22 0.51 -0.77 5
1203120031 100423.96 100432.45 0.92 0.52 -0.39 5
1203123120 100424.89 100433.70 0.98 0.55 -0.59 5
1203132212 100424.20 100433.68 1.00 -0.05 0.06 5
1203201301 100423.91 100433.64 0.99 -0.28 -0.08 5
1203211001 100424.26 100434.02 1.79 0.06 -0.96 5
1203220100 100424.05 100434.68 1.56 2.18 -1.66 5
1203223123 100423.31 100433.87 0.48 1.80 -1.71 5
1203232221 100423.60 100434.95 -0.44 1.11 -0.22 5
1203301310 100424.31 100435.80 -0.46 1.18 -0.46 5
1203311003 100424.16 100436.75 -0.38 -0.21 -0.48 5
1203320032 100424.46 100435.39 -0.74 0.88 -0.27 5
1203323131 100424.07 100434.45 -0.50 0.93 -0.04 5
1203332230 100423.79 100435.13 1.34 2.18 -0.89 5
1210001313 100424.15 100434.65 -0.19 1.36 -1.15 5
1210011012 100424.38 100436.27 -0.28 0.66 -1.25 5
1210020101 100423.77 100438.66 -0.08 0.24 -0.74 5
1210023130 100423.34 100439.35 -0.11 0.96 -0.64 5
1210032213 100423.87 100439.72 0.07 1.07 -0.21 5
1210101302 100424.20 100440.22 0.02 1.15 -0.31 5
1210110331 100423.16 100439.25 0.54 1.00 0.14 5
1210120030 100423.45 100439.97 0.06 0.46 0.16 5
1210123330 100423.64 100441.34 -0.12 0.60 0.09 5
1210133030 100424.52 100442.38 0.53 1.06 0.30 5
1210202123 100424.74 100442.43 -0.06 0.80 0.12 5
1210211212 100424.27 100443.13 0.42 1.37 -0.37 5
1210220301 100424.20 100443.73 0.05 0.99 0.02 5
1210223323 100423.95 100443.34 0.04 1.28 0.05 5
1210233023 100424.22 100443.30 -0.62 0.80 0.45 5
1210302111 100423.55 100442.98 -0.62 0.56 0.62 5
1210311200 100423.33 100442.84 -0.38 0.61 0.32 5
1210320223 100423.73 100442.02 -0.06 0.70 0.27 5
1210323323 100423.94 100442.03 -0.39 1.40 -0.03 5
1210333011 100423.24 100441.26 -0.20 0.63 0.12 5
1211002103 100424.02 100441.51 0.09 0.75 0.00 5
