23103120	99860.69	99788.57	-0.21	0.13	0.95	3	2
23112210	99858.46	99786.91	-0.21	0.37	0.82	3	3
23121301	99859.09	99786.16	-0.16	0.09	0.86	3	4
23131110	99859.95	99786.27	-0.24	0.28	0.85	3	5
23200201	99858.98	99786.05	-0.18	0.27	0.94	3	6
23203232	99858.57	99786.2	-0.26	0.22	0.88	3	7
23212322	99859.3	99785.63	-0.20	0.18	0.95	3	8
23222132	99859.43	99783.73	-0.12	0.04	0.93	3	9
23231222	99859.76	99784.27	-0.10	0.04	0.94	3	10
23300313	99859.8	99784.56	-0.03	-0.15	1.07	3	11
23310010	99859.98	99783.9	0.10	-0.27	0.94	3	12
23313101	99860.77	99784.16	-0.05	-0.09	0.81	3	13
23322132	99860.36	99784.8	-0.06	-0.13	1.02	3	14
23331223	99861.09	99784.76	-0.03	0.1	1.07	3	15
30000320	99860.87	99785.3	-0.03	-0.04	1.08	3	16
30010011	99860.84	99784.94	-0.07	-0.33	0.9	3	17
30013102	99861.54	99784.59	-0.14	-0.17	0.83	3	18
30022200	99860.41	99784.99	-0.06	-0.18	0.95	3	19
30031231	99860.72	99784.85	-0.05	-0.07	0.83	3	20
30100321	99860.95	99785.22	0.08	-0.74	0.91	3	21
30110013	99861.6	99786.34	-0.12	-0.48	0.91	3	22
30113110	99861.38	99787.28	-0.25	-0.38	0.73	3	23
30122201	99861.59	99786.64	-0.23	-0.57	0.8	3	24
30131232	99861.71	99786.39	-0.50	-0.43	0.7	3	25
30200323	99861.16	99788.09	-0.32	-0.65	0.76	3	26
30210013	99861.54	99787.85	-0.46	-0.11	1	3	27
30213112	99860.81	99789.22	-0.40	0.44	0.8	3	28
30222203	99860.98	99789.02	-0.52	0.28	0.73	3	29
30231300	99862.45	99787.3	-0.26	0.21	0.85	3	30
30300331	99861.83	99786.8	-0.14	0.23	1.05	3	31
30310022	99861.74	99786.57	-0.26	0.34	0.8	3	32
30313113	99863.14	99787.52	-0.26	0.18	0.71	3	33
30322210	99862.67	99787.59	-0.29	0.16	0.88	3	34
30331301	99862.94	99787.22	-0.32	0.2	1.09	3	35
31000332	99862.45	99787.95	-0.34	0.06	0.93	3	36
31010023	99862.34	99787.88	-0.31	0.07	0.78	3	37
31020020	99862.64	99787.42	-0.30	0.24	1.04	3	38
31023112	99862.64	99787.42	-0.18	0.28	0.76	3	39
31032202	99862.7	99787.62	-0.18	0.26	0.94	3	40
31101333	99862.4	99787.2	-0.23	0.3	1.09	3	41
31111031	99862.11	99786.75	-0.37	0.28	0.7	3	42
31120122	99862.3	99786.41	-0.18	0.21	0.94	3	43
31123213	99861.88	99786.28	-0.13	0.15	0.95	3	44
31132310	99861.65	99785.83	-0.29	0.19	0.95	3	45
31202002	99861.55	99785.67	-0.31	0.25	0.85	3	46
31211033	99862.27	99786.09	-0.32	0.22	0.85	3	47
31220130	99861.91	99785.41	-0.23	0.28	0.93	3	48
31230102	99861.24	99785.28	-0.27	0.23	0.91	3	49
31233200	99861.9	99785.17	-0.30	0.14	0.87	3	50
31302231	99861.49	99785.74	-0.30	0.2	1	3	51
31311322	99861.69	99784.35	-0.34	0.16	1.36	3	52
31321013	99861.14	99784.34	0.16	-0.33	0.93	3	53
31330110	99862.42	99785.55	0.59	-0.26	0.69	3	54
31333201	99862.78	99785.27	0.64	0.03	0.6	3	55
32002232	99861.63	99785.2	0.27	0.11	1.03	3	56
32011323	99861.51	99785.15	0.36	0.02	1.06	3	57
32021021	99862.05	99786.52	0.39	-0.15	0.84	3	58
32030112	99862.47	99786.99	0.42	-0.05	0.73	3	59
32033202	99862.23	99787.23	0.46	0.22	0.76	3	60
32102233	99860.38	99787.3	0.40	0.3	0.89	3	61
32111330	99860.72	99787.39	0.64	-0.04	0.97	3	62
32121022	99861.94	99787.1	0.56	0.11	0.75	3	63
32130112	99861.16	99787.73	0.50	0	0.64	3	64
32133203	99860.94	99788.96	0.86	-0.04	0.67	3	65
32202300	99859.94	99788.12	0.59	0.24	0.81	3	66
32211332	99860.52	99787.13	0.83	-0.12	0.77	3	67
32221022	99861.58	99787.73	0.54	-0.04	0.67	3	68
32230120	99861.77	99787.97	0.65	-0.15	0.8	3	69
32233211	99861.26	99789.32	0.84	-0.01	0.54	3	70
32302302	99861.03	99789.55	0.62	-0.07	0.52	3	71
32311333	99861.66	99788.55	1.31	0.04	0.46	3	72
32321030	99859.93	99789.68	0.89	0.34	0.94	3	73
32330121	99859.99	99790.56	-0.08	-0.69	0.39	3	74
32333212	99860.2	99789.88	-0.56	0.13	0.34	3	75
33002303	99860.42	99788.53	-0.08	0.33	0.75	3	76
33012000	99860.04	99788.91	0.09	0.4	1.16	3	77
33021331	99859.73	99786.9	0.24	0.58	0.71	3	78
33031022	99860.28	99786.79	0.22	0.61	0.78	3	79
33100113	99858.91	99786.53	-0.56	0.19	0.71	3	80
33103310	99859.05	99785.79	0.22	0.29	0.68	3	81
33113001	99859.16	99785.87	0.21	0.53	0.94	3	82
33122031	99858.84	99787.47	0.37	0.28	0.64	3	83
33131223	99858.8	99788.26	0.30	0.37	0.83	3	84
33200320	99858.05	99788.72	0.25	0.4	0.94	3	85
33210011	99858.98	99788.08	0.19	0.43	0.94	3	86
33213102	99859.29	99788.95	0.17	0.35	0.89	3	87
33222133	99858.42	99788.48	0.26	0.35	0.93	3	88
33231230	99858.03	99788.93	0.28	0.24	0.94	3	89
33300321	99858.19	99787.69	0.15	-0.01	0.9	3	90
33310012	99858.21	99789.14	0.25	0.1	0.97	3	91
33313103	99858.05	99789.01	0.15	-0.01	1.1	3	92
33322133	99857.88	99788.16	0.31	-0.19	0.75	3	93
33332202	99858.2	99787	0.31	0.18	1.15	3	94
100001300	99858.39	99786.97	0.16	0.29	0.88	3	95
100010330	99858.75	99787.15	0.20	0.21	1.23	3	96
100020021	99858.75	99788.13	0.10	0.13	1.04	3	97
100023112	99858.48	99788.84	0.00	0.09	0.88	3	98
100032203	99859.36	99789.09	0.09	0.18	0.86	3	99
100101300	99859.48	99789.06	0.12	0.07	1.1	3	100
100110331	99859.18	99790.87	0.16	0.09	1.03	3	101
100120022	99858.73	99789.69	0.09	0.01	0.93	3	102
100123113	99858.76	99790.28	0.10	0.15	0.89	3	103
100132210	99859.23	99789.39	0.15	0.11	0.95	3	104
100201301	99859.88	99789.34	0.11	0.09	0.91	3	105
100210332	99859.24	99787.36	0.14	0.09	0.96	3	106
100220023	99859.39	99787.38	0.18	0.03	0.85	3	107
100223120	99859.55	99786.95	0.19	0.09	0.96	3	108
100232210	99859.88	99784.91	0.18	0.1	1.02	3	109
100301301	99859.74	99786.05	0.19	0.01	1.11	3	110
100310333	99859.56	99785.75	-0.12	0.03	0.82	3	111
100320030	99858.94	99786.06	0.15	0.08	1.03	3	112
100323120	99859.99	99786.36	0.22	0.18	1.3	3	113
100332211	99859.79	99784.65	-0.03	0.08	0.69	3	114
101001303	99859.11	99785.22	0.02	0.15	0.49	3	115
101010333	99860.07	99785.43	0.18	0.25	1.17	3	116
101020030	99860.2	99785.14	-0.02	0.49	1.58	3	117
101023121	99860.06	99783.96	0.24	0.14	1.25	3	118
101032212	99859.8	99784.58	0.04	0.31	0.69	3	119
101102112	99860.52	99783.42	0.15	0.19	1.18	3	120
101111203	99860.24	99783.41	0.04	0.16	0.93	3	121
101120300	99859.89	99784.21	0.15	0.27	1	3	122
101123331	99859.25	99784.3	-0.01	-0.04	0.73	3	123
101133022	99860.17	99783.2	-0.09	0.12	0.84	3	124
101202112	99859.68	99784.28	0.21	-0.05	1.2	3	125
101211203	99860.53	99785.77	0.25	0.42	1.24	3	126
101220300	99861.13	99784.23	0.01	0.49	0.34	3	127
101223331	99860.3	99784.71	0.21	1.62	1.91	3	128
101233022	99860.34	99784.28	0.34	0.05	1.47	3	129
101302113	99859.36	99784.56	-0.18	0.05	0.54	3	130
101311210	99860.85	99784.75	0.18	0.01	0.86	3	131
101320302	99860.23	99785.92	0.33	0.59	1.24	3	132
101323333	99859.59	99787.55	0.04	0.29	0.9	3	133
101333023	99860.04	99788.12	0.37	-0.07	1.25	3	134
102002120	99860.89	99789.1	-0.11	0.18	0.59	3	135
102011212	99860.81	99791.05	0.16	-0.03	0.81	3	136
102020302	99860.34	99793.92	-0.03	0.13	0.99	3	137
102023333	99860	99793.82	0.03	-0.16	0.7	3	138
102033032	99860.48	99795.02	0.17	0.27	1.34	3	139
102102130	99860.06	99795.31	0.11	-0.18	0.59	3	140
102111220	99860.34	99795.34	0.19	0.18	1.27	3	141
102120311	99860.02	99795.68	0.26	0.2	1.12	3	142
102130002	99860.71	99796.61	0.22	0.27	1.03	3	143
102133033	99860.34	99797.71	-0.00	0.12	0.77	3	144
102202130	99861.11	99799.37	0.09	0.2	0.84	3	145
102211221	99860.45	99799.16	0.25	-0.22	1.41	3	146
102220312	99859.55	99798.7	0.05	-0.01	0.77	3	147
102230003	99859.8	99801.09	0.08	0.03	0.77	3	148
102233100	99860.29	99800.72	-0.07	-0.18	0.47	3	149
102302131	99860.2	99801.93	0.06	0.29	0.67	3	150
102311222	99859.6	99801.34	0.12	0.02	0.73	3	151
102320313	99860.56	99801.52	-0.14	0.04	0.46	3	152
102330010	99860.13	99800.6	-0.05	-0.07	0.68	3	153
102333101	99860.58	99801.54	-0.01	0.08	1.03	3	154
103002131	99859.55	99802.58	0.12	0.36	1.06	3	155
103011222	99860.44	99803.67	0.08	0.13	1.05	3	156
103020313	99861.2	99804.59	-0.22	0.13	0.89	3	157
103030011	99861.4	99806.3	0.01	-0.02	0.7	3	158
103033101	99860.69	99806.81	0.20	0.19	0.85	3	159
103102133	99861.1	99808.53	-0.20	0.25	1	3	160
103111230	99860.13	99809.34	0.08	0.49	1.02	3	161
103120320	99858.57	99810.38	0.22	0.52	1	3	162
103130012	99859.24	99811.51	0.48	0.07	1.15	3	163
103133103	99859.64	99812.94	0.19	0.54	1.07	3	164
103202331	99859.68	99815.16	0.15	0.15	1.33	4	165
103212021	99859.01	99815.63	0.07	0.08	0.6	4	166
103221112	99860.06	99817.53	0.11	0.28	1.02	4	167
103230210	99858.45	99818.77	0.33	0.74	1.47	4	168
103233300	99859.79	99820.8	0.19	0.57	1.25	4	169
103303120	99859.96	99821.62	-0.08	0.19	1.02	4	170
103312211	99859.8	99822.06	-0.04	0.13	0.76	4	171
103321302	99859.81	99821.39	-0.11	0.18	0.78	4	172
103330333	99859.41	99824.82	0.08	0.46	1.18	4	173
110000030	99859.91	99827.14	-0.07	-0.05	0.94	4	174
110003121	99860.28	99828.82	0.00	0.4	0.84	4	175
110012211	99858.66	99827.97	0.03	0.33	0.78	4	176
110021302	99858.8	99827.34	0.09	0.55	0.93	4	177
110031000	99858.82	99828.95	0.25	0.26	1.02	4	178
110100031	99859.62	99827	0.07	0.59	1.4	4	179
110103121	99859.76	99826.95	0.16	0.36	0.97	4	180
110112212	99859.71	99826.52	0.23	0.59	1.08	4	181
110121310	99859.58	99827.6	0.34	0.14	1.19	4	182
110131001	99860.48	99827.83	-0.04	0.14	1.01	4	183
110200032	99859.93	99827.29	-0.08	0.01	0.69	4	184
110203123	99860.2	99827.29	0.11	0.18	1.01	4	185
110212213	99860.26	99828.12	-0.07	0.12	0.83	4	186
110221310	99860.33	99828.07	-0.02	0.25	0.9	4	187
110231001	99860.98	99827.13	0.09	0.15	1.18	4	188
110300033	99860.79	99828.37	0.09	0.19	1.1	4	189
110303130	99860.9	99828.11	0.02	0.1	0.96	4	190
110312221	99859.59	99829.06	-0.00	0.12	0.95	4	191
110321312	99859.44	99830.38	-0.32	0.1	1.1	4	192
110331003	99859.99	99830.65	-0.09	0.19	0.96	4	193
111000033	99860.21	99831.11	-0.10	-0.02	0.83	4	194
111003321	99859.42	99832.57	0.02	-0.01	0.82	4	195
111013012	99859.68	99833.35	0.09	0.16	1.12	4	196
111022110	99860.52	99832.63	0.05	0.1	1.06	4	197
111031201	99859.6	99831.13	0.13	0.27	1.17	4	198
111100232	99859.96	99831.62	-0.20	0.21	0.69	4	199
111103323	99859.1	99830.13	-0.02	0.14	0.86	4	200
111113020	99860.05	99831.46	0.07	0.13	1.1	4	201
111122111	99860.05	99831.27	0.11	0	1.29	4	202
111131202	99860.46	99831.77	-0.02	0.08	1.14	4	203
111200233	99858.85	99831.79	-0.00	0.22	1.06	4	204
111203330	99859.92	99831.86	0.10	0.23	1.21	4	205
111213021	99860.18	99832.04	-0.07	0.23	1.06	4	206
111222111	99859.91	99831.48	-0.10	0.26	0.79	4	207
111231203	99860.41	99831.34	-0.05	-0.09	0.79	4	208
111300300	99859.77	99831.91	0.16	0.11	1.2	4	209
111303330	99859.82	99831.55	0.04	0.18	0.85	4	210
111313021	99860.24	99831.7	-0.04	0.02	0.87	4	211
111322112	99860.31	99831.94	0.05	0.19	1.24	4	212
111331203	99858.35	99831.13	0.05	0.32	1.01	4	213
112000300	99859.92	99830.84	-0.11	0.51	0.91	4	214
112003331	99859.07	99832.11	-0.06	0.14	0.75	4	215
112013022	99859.88	99831.62	-0.01	-0.01	1.08	4	216
112022113	99860.59	99832.53	-0.01	0.01	0.78	4	217
112031210	99859.8	99832.56	0.03	-0.24	0.68	4	218
112100301	99860.93	99832.74	-0.01	-0.04	0.86	4	219
112103331	99861.78	99832.43	-0.26	0.04	0.97	4	220
112113231	99861.68	99831.48	-0.18	0.13	0.82	4	221
112122322	99860.68	99831.42	-0.06	0.07	0.87	4	222
112132013	99860.63	99832.22	-0.04	0.26	1.06	4	223
112201110	99860.72	99831.53	-0.12	-0.03	0.85	4	224
112210201	99860.98	99830.95	0.12	-0.07	1.09	4	225
112213232	99860.77	99831.03	-0.01	0.09	0.83	4	226
112222323	99861.19	99830.13	0.05	0.03	0.93	4	227
112232020	99861.55	99829.96	0.04	0.11	1.2	4	228
112301110	99861.36	99830.66	-0.09	0.05	0.98	4	229
112310201	99860.68	99830.2	-0.26	0.13	0.76	4	230
112313232	99860.88	99830.61	-0.03	0.22	1.07	4	231
112322330	99861.48	99831.73	0.01	-0.03	0.81	4	232
112332021	99860.57	99831.3	-0.19	-0.06	0.5	4	233
113001112	99860.68	99829.58	0.08	0.02	1.18	4	234
113010203	99861.13	99829.67	0.09	0.15	1.18	4	235
113013300	99860.9	99829.7	0.02	0.19	0.99	4	236
113022331	99860.4	99828.98	0.00	-0.06	0.65	4	237
113032022	99861.78	99828.17	-0.15	0.07	0.53	4	238
113101113	99860.28	99827.66	-0.06	0.05	0.66	4	239
113110210	99860.84	99828.26	0.01	0.15	0.98	4	240
113113301	99860.45	99828.74	0.00	0.19	1.05	4	241
113122332	99860.95	99828.52	-0.06	0.15	0.87	4	242
113132023	99860.84	99827.93	-0.03	0.13	0.89	4	243
113201120	99861.11	99827.92	-0.03	0.19	1.04	4	244
113210210	99861.27	99827.71	0.02	0.16	0.92	4	245
113213302	99862	99828.45	0.00	0.13	0.92	4	246
113222332	99861.69	99827.49	-0.02	0.07	0.89	4	247
113232023	99862.3	99828.37	-0.06	0.04	0.79	4	248
113301120	99862.25	99828.08	-0.11	0.07	0.78	4	249
113310212	99861.43	99827.77	-0.10	0.11	0.95	4	250
113313302	99861.41	99827.02	-0.10	0.09	0.85	4	251
113322333	99861.5	99826.9	-0.16	0.15	0.83	4	252
113332031	99861.47	99827.11	-0.11	0.11	0.93	4	253
120001122	99861.4	99826.6	-0.02	0.13	1.11	4	254
120010212	99861.97	99828.25	-0.15	0	0.93	4	255
120013303	99861.92	99829.4	-0.06	0.02	0.92	4	256
120023000	99860.8	99829.66	-0.07	0.01	0.99	4	257
120032031	99860.05	99829.09	-0.04	-0.04	0.98	4	258
120101122	99860.14	99829.33	-0.05	-0.09	0.86	4	259
120110212	99860.29	99830.02	-0.03	0.05	1	4	260
120113303	99860.25	99829.53	-0.11	-0.03	1.05	4	261
120123000	99859.76	99829.06	-0.11	0.13	0.89	4	262
120132031	99859.8	99829.31	-0.12	0.08	1.02	4	263
120201122	99859.25	99828.73	-0.06	0.14	0.94	4	264
120210213	99859.78	99827.77	-0.10	0.02	0.85	4	265
120213310	99859.91	99828.71	-0.10	0.04	1.19	4	266
120223001	99859.42	99827.42	-0.02	0.11	1.08	4	267
120232032	99858.44	99826.94	-0.03	0.02	0.86	4	268
120301123	99858.78	99828.19	-0.14	-0.03	0.75	4	269
120310220	99859.31	99828.8	-0.19	0.08	1.11	4	270
120313311	99858.17	99828.87	-0.20	0.12	0.82	4	271
120323002	99858.05	99828.97	-0.21	0.07	0.56	4	272
120332033	99859.49	99829.78	-0.11	0.07	0.9	4	273
121001130	99858.96	99829.7	0.11	0.1	1.2	4	274
121010221	99858.48	99828.48	-0.09	-0.09	0.56	4	275
121013313	99858.82	99828.95	-0.18	-0.15	0.48	4	276
121023010	99858.29	99829.46	-0.07	0.05	0.94	4	277
121032101	99858.5	99829.88	-0.03	0.17	1.04	4	278
121101131	99858.43	99828.65	-0.10	0.05	0.57	4	279
121110222	99857.91	99828.11	-0.05	0.02	0.86	4	280
121113320	99857.88	99828.65	-0.10	0.02	1.09	4	281
121123011	99857.69	99827.73	0.05	-0.06	0.86	4	282
121132102	99857.65	99828.87	-0.03	0.17	1.02	4	283
121201133	99857.84	99828.13	0.02	0.25	1.01	4	284
121210223	99857.13	99828.47	-0.21	-0.06	0.35	4	285
121213321	99858.3	99829.05	-0.04	-0.06	0.84	4	286
121223012	99857.98	99828.45	0.00	0.07	0.99	4	287
121232103	99858.61	99827.7	-0.10	-0.08	0.51	4	288
121301200	99858.46	99828.68	-0.12	0.09	1.1	4	289
121310231	99857.89	99827.08	-0.21	0.1	1.08	4	290
121313321	99857.68	99826.98	-0.07	0	0.81	4	291
121323013	99858.66	99828.42	-0.06	0.09	0.83	4	292
121332110	99858.94	99827.95	-0.18	0.02	1.24	4	293
122001201	99858.41	99827.89	-0.45	-0.15	0.75	4	294
122010232	99858.09	99827.34	-0.20	-0.26	0.94	4	295
122013323	99858.69	99825.52	-0.42	0.12	1.22	4	296
122023021	99857.86	99826.02	-0.24	0.04	1.23	4	297
122032111	99858.09	99826.16	-0.18	0.29	1.09	4	298
122101202	99858.99	99825.95	-0.41	0.01	0.74	4	299
122110233	99859.41	99823.61	-0.16	0.08	1	4	300
122113330	99859.45	99825.71	0.03	0.14	1.24	4	301
122123021	99858.17	99827.61	0.06	-0.03	1.04	4	302
122132112	99858.27	99827.06	-0.11	0.14	0.71	4	303
122201203	99858.86	99825.86	-0.08	0.11	0.91	4	304
122210300	99859.02	99826.16	-0.11	0.01	1.43	4	305
122213331	99857.62	99827.57	-0.19	-0.02	0.46	4	306
122223022	99859.1	99826.94	-0.13	-0.01	0.64	4	307
122232113	99859.34	99827.54	-0.17	-0.11	1.28	4	308
122301210	99859.48	99828.67	0.10	0.33	1.31	4	309
122310301	99859.25	99829.13	-0.30	-0.01	0.72	4	310
122313332	99858.38	99830.74	-0.01	0.34	0.99	4	311
122323030	99857.99	99830.17	-0.04	0.35	1.02	4	312
122332121	99857.9	99830.69	0.03	-0.32	0.49	4	313
123001212	99858.16	99826.41	-0.28	0.18	0.92	4	314
123010303	99858.66	99827.05	-0.09	0.17	1.24	4	315
123020000	99857.72	99828.54	-0.11	0.45	1.55	4	316
123023031	99857.91	99830.93	0.21	0.13	1.03	4	317
123032122	99858.22	99830.72	-0.23	0.2	0.79	4	318
123101213	99857.61	99834.05	-0.11	0.13	1.34	4	319
123110320	99858.75	99836.38	-0.01	-0.06	0.68	4	320
123120010	99858.8	99837.51	0.19	0.46	1.18	4	321
123123101	99858.03	99837.64	-0.18	-0.09	0.99	4	322
123132133	99857.95	99837.49	-0.40	0.16	1.49	4	323
123201230	99858.48	99839.16	0.22	0.27	1.58	4	324
123210321	99858.88	99840.67	0.15	-0.07	1.44	4	325
123220012	99857.99	99841.12	0.04	-0.01	0.76	4	326
123223110	99858.47	99840.5	-0.25	-0.1	0.61	4	327
123232200	99858.29	99841.59	-0.12	-0.33	0.76	4	328
123302131	99859.23	99840.18	-0.13	-0.02	0.55	4	329
123311222	99858.93	99839.91	-0.02	0.27	1.18	4	330
123320313	99859.13	99840.44	0.34	0.31	1.22	4	331
123330003	99859.08	99841.79	-0.05	0.26	1.15	4	332
123333100	99858.19	99842.29	0.07	0.09	1.33	4	333
130002132	99858.11	99843.64	0.01	0.4	0.99	4	334
130011223	99857.5	99845.44	0.00	0.07	0.45	4	335
130020320	99858.59	99848.6	0.14	0.22	1.23	4	336
130030011	99859.24	99848.44	0.20	0.51	1.28	4	337
130033102	99858.59	99850.31	0.21	0.12	1.44	5	338
130102133	99858.2	99850.64	-0.04	0.14	1.3	5	339
130111230	99857.95	99852.45	-0.16	0.19	1.03	5	340
130120321	99858.33	99853.43	0.22	0.25	0.93	5	341
130130012	99858.27	99853.95	0.09	0.42	1.27	5	342
130133103	99857.51	99855.29	0.42	0.52	2.1	5	343
130202200	99858.25	99856.33	0.26	0.76	1.86	5	344
130211231	99858.09	99857.97	0.15	-0.06	1.05	5	345
130220322	99857.16	99858.52	-0.30	0.16	0.24	5	346
130230012	99857.44	99858.78	-0.18	-0.03	0.29	5	347
130233111	99857.49	99859.31	-0.34	0.05	0.74	5	348
130302202	99855.24	99859.52	-0.14	-0.11	1.04	5	349
130311300	99855.66	99865.36	-0.23	0.24	0.88	5	350
130320331	99856.73	99867.28	-0.28	0.77	0.98	5	351
130330021	99857.16	99865.77	-0.22	0.47	0.76	5	352
130333230	99857.46	99863.37	-0.27	0.37	0.81	5	353
131002321	99857.98	99863.17	-0.29	-0.07	0.6	5	354
131012012	99857.17	99861.51	-0.35	0.36	0.71	5	355
131021203	99857.54	99861.87	-0.29	-0.39	0.34	5	356
131030300	99857.49	99861.89	0.04	0.22	1.29	5	357
131033331	99857.55	99861.16	-0.06	0.09	1.01	5	358
131103122	99858.45	99860.84	-0.03	0.65	1.58	5	359
131112213	99857.99	99860.98	-0.29	0.15	0.32	5	360
131121310	99857.82	99861.44	0.28	0.41	0.97	5	361
131131000	99858.73	99861.49	0.16	0.38	1.87	5	362
131200032	99857.79	99861.47	-0.18	0.31	1.44	5	363
131203123	99858.53	99861.13	-0.19	0.23	0.95	5	364
131212220	99857.73	99860.8	-0.43	0.09	0.74	5	365
131221311	99859.37	99861.72	-0.26	0.16	0.87	5	366
131231002	99858.69	99861.48	-0.04	0.11	1.07	5	367
131300032	99858.72	99861.97	-0.10	-0.02	1.14	5	368
131310101	99858.97	99860.98	-0.09	0.09	0.76	5	369
131313132	99858.22	99861.01	-0.12	0.2	1.01	5	370
131322223	99857.16	99861.83	0.04	0.23	1.33	5	371
131331320	99857.4	99861.14	-0.26	0.17	0.66	5	372
132001123	99858.46	99861.05	-0.16	0.15	0.88	5	373
132010220	99857.41	99861.22	0.00	0.24	1.16	5	374
132013311	99856.79	99860.8	0.00	0.14	1.11	5	375
132023002	99856.88	99859.44	-0.13	-0.02	0.89	5	376
132032033	99856.98	99859.98	-0.20	0.05	0.74	5	377
132101130	99856.83	99860.2	-0.11	0.11	1.03	5	378
132110221	99857.6	99859.67	-0.29	0.12	1.22	5	379
132113312	99857.45	99860.21	-0.05	0.17	1.28	5	380
132123002	99857.88	99860.03	-0.14	0.36	1.05	5	381
132132033	99858.81	99860.91	-0.25	0.21	0.72	5	382
132202102	99857.97	99861.52	-0.04	0.12	1.09	5	383
132211133	99856.99	99860.92	-0.09	0.04	0.8	5	384
132220230	99857.08	99861.67	-0.05	0.08	0.93	5	385
132223321	99856.81	99861.31	0.10	0.13	1.1	5	386
132233012	99856.43	99861.7	-0.13	0.11	0.96	5	387
132302103	99856.48	99861.63	-0.06	0.01	1.02	5	388
132311200	99856.8	99862.03	-0.10	0.1	0.95	5	389
132320231	99857.59	99861.88	-0.07	0.12	0.89	5	390
132323322	99856.83	99861.45	-0.08	0.16	1	5	391
132333013	99856.87	99860.95	-0.04	0.13	0.98	5	392
133002103	99856.29	99860.32	-0.15	0.12	0.96	5	393
133011200	99856.31	99860.38	-0.12	0.15	1.06	5	394
133020231	99856.56	99860.45	-0.09	0.12	0.94	5	395
133023322	99856.99	99860.98	-0.11	0.13	0.86	5	396
133033013	99857.8	99861.5	-0.09	0.17	0.98	5	397
133102110	99857.38	99861.73	-0.10	0.13	0.98	5	398
133111201	99857.5	99862.61	-0.15	0.13	0.92	5	399
133120232	99857.85	99863.11	-0.04	0.65	1.16	5	400
133123330	99857.52	99864.27	0.14	0.16	1.17	5	401
133133021	99857.02	99864.62	-0.16	0.34	0.88	5	402
133202112	99857.02	99866.3	-0.12	0.14	0.82	5	403
133211203	99858.07	99866.73	-0.09	0.21	1.04	5	404
133220300	99857.37	99866.56	-0.11	0.24	1.07	5	405
133223331	99858.05	99867.98	-0.08	0.22	1.01	5	406
133233021	99857.05	99867.72	-0.13	0.19	0.84	5	407
133302310	99857.84	99869.28	-0.11	0.2	0.96	5	408
133312001	99858.11	99869.94	-0.09	0.21	0.98	5	409
133321032	99857.5	99869.73	-0.12	0.16	0.88	5	410
133330130	99857.53	99869.4	-0.11	0.19	0.95	5	411
133333220	99858.3	99869.13	-0.12	0.18	0.99	5	412
200002311	99858.44	99869.39	-0.07	0.2	1	5	413
200012002	99858.09	99868.46	-0.03	0.17	1.02	5	414
200021033	99858.7	99867.27	-0.06	0.11	0.79	5	415
200030130	99857.54	99866.91	0.04	0.17	0.88	5	416
200100121	99858.66	99866.42	0.03	0.2	0.98	5	417
200103212	99858.03	99867.3	0.01	0.42	1.22	5	418
200112302	99858.98	99865.86	0.39	-0.1	0.87	5	419
200122100	99857.39	99864.92	0.12	0.18	1.07	5	420
200131131	99857.88	99863.61	0.10	0.32	0.83	5	421
200200222	99857.91	99863.66	0.07	0.2	0.99	5	422
200203313	99857.9	99864.31	-0.05	0.13	0.76	5	423
200213010	99857.95	99864.78	-0.03	0.3	1.02	5	424
200222101	99858.12	99864.87	0.04	0.1	0.97	5	425
200231132	99857.77	99863.39	0.02	0.1	0.84	5	426
200300223	99857.64	99863.05	0.13	0.23	0.91	5	427
200303321	99857.55	99862.81	0.05	0.05	0.93	5	428
200313012	99857.41	99862.82	-0.01	0.04	0.93	5	429
200322110	99858.58	99862.54	-0.04	0.16	0.94	5	430
200331201	99858.67	99862.52	-0.05	0.13	0.96	5	431
201000232	99858.3	99864.27	-0.03	0.18	0.9	5	432
201003323	99858.88	99863.48	-0.05	0.23	1.04	5	433
201013020	99859.53	99863.33	-0.02	0.19	0.94	5	434
201022111	99859.48	99862.63	-0.11	0.16	0.83	5	435
201031202	99858.59	99863.52	-0.04	0.07	0.84	5	436
201100300	99858.56	99863.38	0.05	0.19	1.07	5	437
201103331	99858.09	99862.55	-0.04	0.1	0.93	5	438
201113021	99858.7	99862.7	0.16	0.1	0.86	5	439
201122112	99858.74	99861.98	-0.20	0.15	1.01	5	440
201131210	99859.19	99862.95	-0.03	0.06	0.96	5	441
201200301	99859.09	99862.53	-0.01	0.13	0.97	5	442
201203332	99858.52	99861.92	0.03	0.06	0.96	5	443
201213022	99859.3	99861.14	-0.07	0.11	0.9	5	444
201222113	99859.77	99861.5	0.13	0.15	0.79	5	445
201231210	99859.53	99861.7	-0.11	0.19	0.99	5	446
201300301	99859.05	99861.38	0.09	0.43	1.21	5	447
201303331	99858.3	99861.8	0.37	0.46	0.85	5	448
201313323	99859.3	99862.98	0.67	0	0.84	5	449
201323013	99859.42	99863.03	0.74	0.12	0.37	5	450
201332110	99859.61	99864.09	0.80	-0.19	0.59	5	451
202001201	99859.84	99862.57	0.67	-0.21	0.43	5	452
202011010	99859.86	99863.3	1.08	-0.05	0.46	5	453
202020101	99859.47	99862.94	0.54	0.24	1.02	5	454
202023132	99858.42	99863.3	0.39	0.07	1.05	5	455
202032223	99858.59	99863.23	0.32	-0.01	0.61	5	456
202101320	99859.18	99861.09	0.66	0.32	0.9	5	457
202111011	99859.59	99863.13	0.33	0.08	0.9	5	458
202120102	99858.66	99863.68	0.12	-0.08	0.77	5	459
202123200	99857.55	99863.75	0.43	-0.01	1.1	5	460
202132231	99857.65	99863.84	0.11	0.09	0.88	5	461
202201322	99857.02	99865.97	0.17	0.14	0.84	5	462
202211012	99857.27	99865.75	0.12	0.01	0.99	5	463
202220103	99858.27	99866.5	0.45	0.05	0.89	5	464
202223200	99858.4	99865.78	0.42	-0.14	0.98	5	465
202232231	99858.29	99866	-0.13	-0.1	0.94	5	466
202301322	99857.58	99865.7	0.29	-0.29	0.74	5	467
202311013	99857.53	99865.89	0.15	0.06	0.81	5	468
202320110	99857.95	99866.38	0.27	-0.02	0.96	5	469
202323201	99857.61	99866.42	0.18	-0.08	1.01	5	470
202332232	99857.69	99866.83	0.15	-0.05	1.1	5	471
203001323	99857.28	99866.52	0.21	0.01	0.99	5	472
203011020	99857.2	99865.94	0.14	0.03	0.86	5	473
203020110	99857.88	99865.75	0.33	-0.17	0.82	5	474
203023201	99857.61	99866.53	0.15	0.09	0.88	5	475
203032232	99857.47	99864.7	0.19	-0.07	1.22	5	476
203101330	99857.89	99865.08	0.15	0	0.9	5	477
203111021	99858.56	99864.47	0.14	0.01	0.92	5	478
203120112	99858.52	99863.59	0.09	0.05	0.89	5	479
203123203	99858.57	99863.6	0.17	0.02	0.95	5	480
203132300	99859.28	99862.88	0.10	-0.08	0.93	5	481
203201331	99858.67	99864.67	0.19	-0.1	1.04	5	482
203211022	99858.99	99864.47	0.12	-0.23	0.86	5	483
203220113	99859.54	99864.66	0.13	-0.13	0.83	5	484
203223210	99858.59	99864.06	0.19	-0.08	0.87	5	485
203232301	99858.34	99863.75	0.18	-0.02	0.98	5	486
203301332	99858.23	99864.47	0.07	-0.03	0.83	5	487
203311023	99858.5	99864.17	0.12	-0.05	0.97	5	488
203320120	99858.39	99863.21	0.07	-0.09	0.84	5	489
203323211	99859.34	99864.52	0.28	0.05	1.05	5	490
203332302	99858.59	99864.74	0.34	0.08	0.99	5	491
210001333	99858.58	99865.08	0.22	0.01	0.9	5	492
210011030	99858.68	99864.92	0.16	-0.18	0.74	5	493
210020121	99858.64	99864.41	0.18	-0.1	0.83	5	494
210023212	99857.56	99864.23	0.13	-0.05	1.13	5	495
210032303	99858.16	99864.77	0.15	-0.06	1.19	5	496
210102000	99859.08	99863.46	0.26	-0.02	1.14	5	497
210111031	99858.43	99864.27	0.20	-0.13	0.91	5	498
210120122	99858.14	99863.16	0.15	-0.22	0.44	5	499
210123213	99857.68	99863.7	0.07	-0.11	0.54	5	500
210132303	99859.09	99864.25	0.23	0.22	1.04	5	501
210202000	99859.22	99864.13	0.11	0.13	1.07	5	502
210211031	99858.14	99863.91	0.04	-0.15	0.73	5	503
210220122	99857.8	99863.37	-0.18	0	0.93	5	504
210223213	99857.7	99863.08	-0.10	0	1.02	5	505
210232303	99855.2	99863.19	0.08	-0.18	0.96	5	506
210302000	99856.54	99862.46	-0.05	-0.03	0.75	5	507
210311031	99856.86	99862.45	-0.02	-0.06	0.76	5	508
210320122	99857.97	99861.34	0.18	0.09	1.03	5	509
210323220	99857.73	99857.48	0.01	0	0.83	5	510
210332311	99858.16	99857.73	0.05	0.01	1	5	511
211002002	99857.88	99860.64	0.19	-0.1	1.16	5	512
211011033	99858.97	99863.77	-0.01	0.02	0.62	5	513
211020131	99859.05	99863.98	0.03	-0.05	0.49	5	514
211023221	99858.42	99863.95	0.15	0.02	1.09	5	515
211032312	99858.27	99862.42	0.26	0.06	0.95	5	516
211102010	99857.69	99863.23	0.09	0.16	0.37	5	517
211111100	99857.16	99863.06	0.34	-0.25	0.87	5	518
211120132	99858.79	99862.48	-0.06	-0.03	0.79	5	519
211123222	99858.45	99861.7	0.21	-0.11	1.14	5	520
211132313	99857.95	99863.05	0.26	0.16	1.08	5	521
211202322	99858.32	99863.44	0.23	0.04	0.91	5	522
211212013	99858.4	99864.26	0.05	0.27	1.05	5	523
211221110	99856.99	99865.53	0.17	-0.38	0.84	5	524
211230201	99857.82	99866.73	0.31	-0.2	0.99	5	525
211233232	99858.27	99867.05	-0.02	-0.33	0.73	5	526
211302323	99857.68	99867.78	-0.36	0.11	0.57	5	527
211312020	99857.95	99868.45	0.34	-0.15	1.04	5	528
211321111	99857.31	99871.73	-0.19	-0.02	0.67	5	529
211330202	99856.97	99871.55	0.27	0.1	0.87	5	530
211333300	99856.4	99872.5	0.35	0.23	0.69	5	531
212002330	99857.22	99874.5	-0.18	-0.03	0.35	5	532
212012021	99857.44	99874.45	0.21	0.08	1.4	5	533
212021112	99856.71	99875.1	0.13	0.2	0.82	5	534
212030203	99857.3	99876.12	0.21	-0.13	0.51	5	535
212033300	99856.71	99878.68	0.09	-0.49	0.45	5	536
212102331	99856.8	99879.13	0.39	0.13	0.92	5	537
212112022	99856.71	99880.58	0.19	-0.23	1.11	5	538
212121113	99857.28	99879.89	0.23	-0.03	1.08	5	539
212130203	99858.09	99879.17	0.18	0.25	1.04	5	540
212133302	99858.8	99880.06	-0.11	0.52	0.77	5	541
212203000	99857.86	99880.92	0.02	-0.4	0.45	5	542
212212030	99857.15	99882.01	0.03	0.28	0.75	5	543
212221121	99857.88	99881.5	0.32	-0.31	1.26	5	544
212230213	99857.38	99881.99	0.39	0.46	1.31	5	545
212233310	99858.28	99883.09	0.55	-0.03	0.86	5	546
212303001	99857.49	99885.38	0.12	-0.13	0.23	6	547
212312032	99857.25	99887.05	0.04	0.54	1.2	6	548
212321123	99857.15	99888.05	0.54	0.41	1.71	6	549
212330220	99857.31	99889.04	0.16	0.61	1.59	6	550
213000211	99858.18	99890.6	0.12	0.22	0.94	6	551
213003301	99858.42	99890.52	0.04	0.42	0.81	6	552
213012332	99858.05	99892.64	0.19	0.35	1.16	6	553
213022022	99857.35	99894.69	0.13	0.23	1.44	6	554
213031232	99856.91	99895.35	0.15	-0.26	0.44	6	555
213100323	99857.95	99896.27	0.32	-0.12	1.03	6	556
213110020	99857.85	99898.33	0.03	-0.15	0.31	6	557
213113211	99858.23	99900	0.03	0.52	0.82	6	558
213122302	99857.89	99899.93	0.37	0.03	1.21	6	559
213131333	99858.02	99900.11	0.10	0.21	1.03	6	560
213201030	99857.7	99899.29	-0.04	0.1	0.89	6	561
213210121	99858.88	99903.13	0.08	0.08	0.99	6	562
213213211	99858.65	99903.94	-0.01	0.18	0.97	6	563
213222302	99857.91	99901.03	0.08	-0.31	0.68	6	564
213231333	99857.55	99900.09	0.19	0.05	0.91	6	565
213301030	99858.41	99899.39	0.05	0.47	0.96	6	566
213310121	99858.3	99901.07	0.30	0.19	1.37	6	567
213313212	99858.07	99900.97	-0.23	-0.04	0.91	6	568
213322310	99858.33	99898.79	0.18	0.22	1.19	6	569
213332000	99857.8	99897.93	0.19	0.05	1.12	6	570
220001032	99857.6	99897.53	0.24	0.18	0.94	6	571
220010123	99858.52	99898.47	0.05	0.47	0.86	6	572
220013220	99859.45	99898.89	0.21	-0.01	1.21	6	573
220022311	99859.09	99898.72	-0.04	0.14	0.78	6	574
220032002	99858.72	99900.79	0.20	0.24	1.03	6	575
220101033	99858.52	99901.28	0.19	0.34	1.19	6	576
220110130	99856.98	99898.86	-0.02	0.12	0.62	6	577
220113221	99857.36	99899.27	-0.11	0.11	0.49	6	578
220122312	99858.47	99899.86	0.15	0.23	1.17	6	579
220132003	99858.6	99899.03	0.09	-0.08	0.82	6	580
220201100	99858.17	99899.66	0.06	0.42	1.08	6	581
220210130	99857.9	99900.12	0.26	0.16	1.19	6	582
220220012	99857.54	99899.33	0.09	0.38	1.05	6	583
220223103	99858.41	99898.59	-0.06	0.05	0.76	6	584
220232200	99857.99	99900.44	0.18	0.21	1.03	6	585
220301331	99857.36	99899.39	0.27	0.13	1.12	6	586
220311022	99858.02	99900.19	-0.00	0.11	0.9	6	587
220320113	99858.3	99899.78	-0.01	0.25	1.14	6	588
220323210	99857.25	99898.77	0.20	0.2	1.14	6	589
220332301	99857.77	99899.5	-0.15	-0.07	0.86	6	590
221001332	99857.52	99899.4	-0.16	0.05	0.58	6	591
221011023	99856.98	99899.22	-0.04	0.14	0.82	6	592
221020120	99857.34	99898.17	-0.02	0.21	0.97	6	593
221023211	99857.27	99898.38	0.04	0.31	1.03	6	594
221032302	99857.54	99899.47	0.00	0.13	0.98	6	595
221101333	99857.83	99900.14	0.12	0.15	1.05	6	596
221111030	99857.2	99899.48	-0.04	0.21	0.78	6	597
221120121	99857.46	99898.13	0.12	0.24	1.11	6	598
221123212	99856.94	99898.66	0.04	0.28	0.95	6	599
221132303	99856.25	99899.87	-0.02	0.21	0.85	6	600
221202000	99857.45	99900.46	0.07	0.39	0.98	6	601
221211031	99857.06	99900.31	0.12	0.28	0.93	6	602
221220122	99856.57	99899.44	0.21	0.35	1.05	6	603
221223213	99857.21	99898.03	0.01	0.06	0.82	6	604
221232310	99857.41	99897.78	0.07	0.28	0.96	6	605
221302001	99858.02	99899.06	0.17	0.19	1.07	6	606
221311032	99858.55	99901.02	0.12	0.23	1.02	6	607
221320123	99858.16	99902.77	0.10	0.2	0.87	6	608
221323220	99858.22	99900.99	-0.03	0.21	0.79	6	609
221332310	99858.27	99900.91	0.05	0.22	0.88	6	610
222002001	99857.7	99901.59	0.21	0.27	1.03	6	611
222011301	99857.99	99901.81	0.15	0.2	0.98	6	612
222020332	99857.62	99898.61	0.13	0.19	0.92	6	613
222030023	99856.12	99897.85	0.15	0.13	0.8	6	614
222033120	99856.34	99898.78	0.06	0.16	0.69	6	615
222102323	99856.27	99897.23	0.11	0.14	0.86	6	616
222112020	99856.49	99896.19	0.24	0.33	1.14	6	617
222121111	99856.66	99895.67	0.03	0.19	0.87	6	618
222130202	99856.52	99896.19	0.00	0.09	0.73	6	619
222133233	99856.98	99896.77	0.32	0.16	1.01	6	620
222202330	99856.98	99895.38	0.34	0.29	0.99	6	621
222212021	99856.55	99895.13	0.21	0.09	0.78	6	622
222221111	99855.52	99897.19	0.28	0	1.01	6	623
222230202	99856.12	99897.22	-0.44	-0.51	0.71	6	624
222233233	99856.56	99897.98	-0.23	-0.42	0.61	6	625
222302330	99855.98	99897.84	-0.00	-0.43	1.12	6	626
222312021	99856.01	99898.34	0.06	-0.28	1.02	6	627
222321112	99855.63	99897.03	0.25	-0.09	0.87	6	628
222330203	99856.2	99896.04	0.11	0.33	0.64	6	629
222333300	99856.4	99896.45	0.55	0.32	0.55	6	630
223002330	99856.02	99895.55	0.76	0.62	0.73	6	631
223012021	99855.92	99895.18	0.51	0.36	0.64	6	632
223021112	99856.11	99894.72	0.70	0.2	0.94	6	633
223030203	99855.97	99895.43	0.59	0.22	0.65	6	634
223033300	99857.05	99895.49	0.39	0.12	0.74	6	635
223102331	99856.02	99895.46	0.34	0.1	0.82	6	636
223112023	99855.11	99896.36	0.28	0.07	0.81	6	637
223121113	99855.68	99897.16	0.33	0.02	0.76	6	638
223130211	99856.18	99897.4	0.28	0.14	0.8	6	639
223133302	99856.05	99896.88	0.27	0.18	0.93	6	640
223202332	99855.73	99896.62	0.35	0.21	0.96	6	641
223212023	99856.17	99897.57	0.28	0.49	0.88	6	642
223221120	99855.58	99898	0.35	0.18	1.12	6	643
223230211	99854.82	99897.59	0.38	0.17	0.99	6	644
223233302	99854.92	99896.8	0.25	0.11	0.68	6	645
223302333	99855.13	99897	0.27	0.08	0.94	6	646
223312030	99855.41	99898.06	0.33	0.11	0.87	6	647
223321121	99855.59	99897.53	0.13	-0.01	0.7	6	648
223330212	99855.88	99896.02	0.29	0.03	1.09	6	649
223333303	99855.23	99894.89	0.29	0.22	1.08	6	650
230003000	99855.06	99895.52	0.30	0.2	0.99	6	651
230012031	99854.28	99895.04	0.26	0.16	1.1	6	652
230021122	99855.05	99895.11	0.21	0.15	0.83	6	653
230030213	99854.46	99893.94	0.32	0.07	0.89	6	654
230033310	99855.36	99894.43	0.28	0.13	0.84	6	655
230103000	99854.98	99894.88	0.28	0.1	0.86	6	656
230112031	99854.8	99894.92	0.27	-0.05	0.94	6	657
230121223	99853.74	99895.53	0.30	0.05	0.92	6	658
230130320	99854.62	99896.36	0.25	0	0.95	6	659
230200011	99855.17	99896.47	0.27	0.04	1.02	6	660
230203102	99854.55	99895.73	0.26	0.15	1.06	6	661
230212133	99854.22	99895.67	0.26	-0.01	0.88	6	662
230221230	99855.3	99895.72	0.22	0.07	0.75	6	663
230230321	99854.56	99895.7	0.38	0.32	0.99	6	664
230300012	99854.97	99895.44	0.20	0.01	0.85	6	665
230303103	99854.36	99896.09	0.25	0.12	0.92	6	666
230312200	99854.08	99896.05	0.29	0.19	1.06	6	667
230321231	99853.58	99896.16	0.35	0.09	1.09	6	668
230330322	99854.17	99894.96	0.20	0.07	0.87	6	669
231000013	99855.34	99894.66	0.13	0.06	0.7	6	670
231003110	99855	99894.93	0.27	0.33	1.12	6	671
231012201	99855.02	99896.65	0.37	0	1.03	6	672
231021232	99855.16	99896.23	0.23	0.03	0.82	6	673
231030323	99853.95	99894.66	0.34	-0.03	0.97	6	674
231100020	99854.86	99894.91	0.31	-0.11	1.01	6	675
231103111	99855.58	99895.41	0.30	-0.16	0.87	6	676
231112203	99855.05	99895.27	0.30	0.06	0.86	6	677
231121233	99855.74	99895.45	0.10	0.07	0.94	6	678
231130330	99854.72	99894.92	0.30	0.08	0.86	6	679
231200022	99854.67	99895.12	0.29	0.13	0.88	6	680
231203112	99854.44	99896.53	0.29	0.09	0.96	6	681
231212203	99854.06	99896.02	0.16	-0.07	0.78	6	682
231221300	99854.05	99894.93	-0.00	0.3	0.87	6	683
231230331	99854.95	99892.36	0.11	-0.03	0.71	6	684
231300022	99855.28	99892.56	0.02	0.13	1.08	6	685
231303113	99856.07	99893.62	0.35	0.27	1.17	6	686
231312210	99855.47	99894.04	-0.01	-0.05	0.69	6	687
231321302	99855.48	99894.03	0.20	0.35	1.31	6	688
231330333	99855.42	99896.18	0.32	0.03	1.11	6	689
232000030	99855.56	99895.87	0.13	-0.29	0.51	6	690
232003121	99856.52	99898.34	0.18	0.26	0.84	6	691
232012212	99856.34	99897.84	0.39	0.28	1.26	6	692
232021302	99855.58	99896.24	0.21	0.45	1.26	6	693
232030333	99855.98	99896.41	0.08	0.02	0.46	6	694
232100030	99856.11	99897.13	0.24	0.46	0.83	6	695
232103122	99855.23	99897.11	0.15	-0.11	0.59	6	696
232112212	99855.64	99896.27	0.10	0.14	0.62	6	697
232121303	99857.12	99897.41	0.43	0.32	1.08	6	698
232131000	99855.37	99898.11	0.29	0.2	1.29	6	699
232200031	99855.41	99899.5	0.19	0.3	0.95	6	700
232203122	99855.13	99900.4	0.12	0.09	1.04	6	701
232212213	99857.06	99902.08	0.19	-0.23	1.01	6	702
232221310	99855.03	99903.74	0.29	0.78	0.97	6	703
232231001	99855.49	99903.27	0.26	0.15	1.17	6	704
232300031	99855.09	99905.8	0.31	0.21	1.32	6	705
232303122	99855.23	99907.23	0.57	0.53	1.28	6	706
232312213	99854.67	99908.88	0.19	0.36	0.7	6	707
232321310	99855.25	99910.8	0.24	0.34	1.46	6	708
232331001	99856.08	99910.57	-0.06	-0.02	0.28	6	709
233000032	99856.21	99912.62	0.53	0.37	1.22	6	710
233003123	99857.39	99914.47	0.61	0.46	1.59	6	711
233012221	99856.89	99915.55	0.18	0.03	1.07	6	712
233021312	99857.29	99916.46	0.21	0.08	1.41	6	713
233031002	99856.41	99916.53	0.04	0.02	0.89	6	714
233100033	99856.2	99916.79	0.05	-0.08	1.09	6	715
233103130	99856.99	99916.16	0.09	0.03	0.99	6	716
233112221	99856.95	99917.35	0.12	0.16	1.19	6	717
233121312	99855.77	99917.66	-0.04	-0.19	0.91	6	718
233131002	99856.59	99918.67	-0.05	-0.09	0.53	6	719
233200033	99856.71	99916.78	-0.01	0.07	0.69	6	720
233203130	99855.76	99917.95	0.06	-0.01	1.07	6	721
233212221	99855.84	99921.02	0.31	0.18	1.09	6	722
233221312	99856.75	99923.51	0.59	-0.14	1.16	6	723
233231003	99856.01	99923.48	-0.13	0.01	0.69	7	724
233300101	99856.1	99924.27	0.17	-0.16	0.7	7	725
233303131	99856.48	99924.17	0.14	0.21	0.9	7	726
233313201	99856.91	99926.22	-0.07	-0.51	0.68	7	727
233322232	99856.45	99927.13	0.30	0.15	1.62	7	728
233331323	99855.68	99930.13	0.04	0.17	1.31	7	729
300001020	99856.76	99932.61	0.54	0.5	1.6	7	730
300010111	99856.87	99932.05	0.13	-0.32	0.29	7	731
300013203	99856.98	99933.44	-0.37	-0.47	-0.73	7	732
300022300	99857.21	99934.81	0.12	0.11	0.26	7	733
300031331	99857.16	99935.29	0.72	0.08	0.82	7	734
300101021	99857.55	99936.48	0.49	0.27	1.74	7	735
300111012	99858.04	99936.38	-0.09	0.06	0.36	7	736
300120103	99857.33	99936.34	0.19	0.2	1.26	7	737
300123133	99856.94	99935.13	-0.09	0.05	1.13	7	738
300132331	99857.02	99941.64	0.10	0.07	1.04	7	739
300202022	99856.76	99941.85	0.06	-0.09	0.83	7	740
300211113	99856.63	99941.17	0.32	0.21	1.25	7	741
300220203	99856.59	99939.42	0.28	0.25	1.02	7	742
300230013	99856.36	99938.41	0.11	0.03	0.8	7	743
300233103	99855.8	99938.33	0.19	0.2	0.95	7	744
300302200	99856.33	99938.22	0.19	0.28	0.88	7	745
300311231	99856.02	99935.63	-0.09	0.24	0.73	7	746
300321100	99856.22	99935.66	-0.18	0.19	0.66	7	747
300330131	99856.44	99936.05	0.12	0.17	0.95	7	748
300333222	99855.86	99937.03	0.27	0.5	1.37	7	749
301002320	99855.93	99936.73	0.13	0.12	1.01	7	750
301012010	99857.44	99936.19	0.14	0.33	1.03	7	751
301021101	99857.41	99937.3	0.09	0.45	1.04	7	752
301030132	99856.84	99937.62	0.01	0.37	0.98	7	753
301033223	99855.87	99936.4	0.28	0.18	1.15	7	754
301102320	99855.28	99935.97	0.52	0.28	1.17	7	755
301112011	99855.06	99937.85	0.02	0.03	0.61	7	756
301121102	99855.37	99936.66	0.16	0.17	0.93	7	757
301130133	99856.03	99936.69	-0.06	0.16	0.81	7	758
301133230	99856.45	99937.16	-0.01	0.36	1.11	7	759
301202321	99857.09	99936.2	0.08	0.14	1.27	7	760
301212011	99855.14	99935.79	0.21	0.17	1.05	7	761
301221102	99854.47	99936.65	0.22	0.26	1.27	7	762
301230133	99855.27	99937.38	0.06	0.1	0.71	7	763
301233230	99855.64	99934.55	0.01	-0.02	0.58	7	764
301302321	99855.13	99935.34	0.15	0.14	1.07	7	765
301312012	99855.44	99935.68	0.14	0.38	1.39	7	766
301321103	99855.77	99935.62	0.08	0.11	0.86	7	767
301330200	99855.71	99934.03	-0.06	0.1	0.71	7	768
301333232	99855.02	99934.56	0.13	0.19	0.93	7	769
302002322	99855.2	99935.25	0.17	0.13	0.87	7	770
302012020	99855.83	99935.09	0.13	0.15	0.81	7	771
302021111	99856	99935.73	0.08	0.04	0.71	7	772
302030202	99856.14	99935.7	-0.05	0.36	0.98	7	773
302033300	99856.08	99935.53	0.16	0.25	1.04	7	774
302102330	99856.6	99935.8	0.07	0.13	0.62	7	775
302112022	99855.94	99936.48	0.16	0.05	0.92	7	776
302121113	99856.59	99936.65	0.12	0.08	0.85	7	777
302130203	99856.23	99935.66	-0.03	0.19	0.79	7	778
302133300	99855.46	99935.52	0.28	0.28	1.14	7	779
302202332	99854.86	99935.16	-0.05	0.12	1.04	7	780
302212022	99855.09	99935.58	-0.02	0.12	1	7	781
302221113	99855.24	99936.6	0.29	0.15	1.17	7	782
302230210	99855.91	99936.2	0.23	0.14	1.1	7	783
302233301	99856.54	99935.1	0.15	-0.01	0.44	7	784
302302332	99856.55	99935.18	-0.08	0.07	0.53	7	785
302312022	99856.05	99935.38	0.15	0.21	1.06	7	786
302321130	99855.23	99935.62	-0.12	0.21	1.01	7	787
302330221	99855.04	99935.72	-0.05	0.06	0.48	7	788
302333311	99854.78	99935.89	0.15	0.25	0.83	7	789
303003002	99855.59	99936.56	0.17	0.03	1.05	7	790
303012033	99854.94	99936.8	0.01	-0.02	0.93	7	791
303021130	99855.4	99937.34	0.11	0.2	0.96	7	792
303030221	99855.64	99936.6	-0.03	0.14	1.07	7	793
303033312	99855.44	99936.17	-0.19	0.05	0.89	7	794
303103003	99856.11	99935.73	0.12	0.22	1.26	7	795
303112100	99856.17	99936.14	0.27	0.23	1.22	7	796
303121131	99855.66	99936.95	0.16	0.06	1.18	7	797
303130222	99856.07	99935.83	0.18	0.19	1.08	7	798
303133313	99854.48	99936.23	0.12	0.01	0.68	7	799
303203010	99855.83	99935.45	0.01	0.22	1.08	7	800
303212101	99856.05	99936.22	0.12	0.32	1.05	7	801
303221132	99854.84	99936.55	0.08	0.19	0.75	7	802
303230223	99856.23	99936.25	-0.05	0.07	0.5	7	803
303233320	99855.63	99935.92	0.21	-0.08	0.95	7	804
303303011	99854.51	99935.39	0.11	0.18	0.97	7	805
303312102	99854.78	99937.2	0.10	0.14	0.85	7	806
303321133	99855.97	99937.33	0.10	0.35	1.21	7	807
303330230	99855.59	99936.98	-0.01	0.21	0.92	7	808
303333321	99854.58	99937.03	-0.02	0.22	0.77	7	809
310003012	99855.11	99935.14	-0.05	0.17	0.6	7	810
310012103	99854.57	99936.41	0.28	0.29	1.18	7	811
310021200	99855.48	99936.56	0.09	0.17	0.86	7	812
310030231	99854.87	99936.22	0.25	0.27	0.96	7	813
310033321	99854.8	99936.16	0.16	0.14	0.86	7	814
310103012	99854.61	99937.13	0.02	0.1	0.73	7	815
310112103	99855.5	99936.7	0.16	0.23	0.98	7	816
310121200	99854.48	99937.06	0.01	0.23	0.81	7	817
310130231	99854.57	99937.31	0.07	0.05	0.65	7	818
310133322	99854.39	99936.7	0.15	0.24	0.92	7	819
310203013	99856.35	99937.23	0.23	0.28	1.04	7	820
310212110	99855.59	99937.29	0.17	0.11	1.05	7	821
310221201	99855.94	99936.84	0.13	0.13	0.77	7	822
310230233	99856.09	99936.39	0.26	0.26	1.06	7	823
310233323	99855.3	99936.49	0.17	0.14	0.81	7	824
310303020	99856.34	99936.32	0.12	0.13	0.86	7	825
310312111	99856.1	99936.59	0.11	0.34	1.04	7	826
310321202	99855.84	99936.31	0.15	0.26	1.28	7	827
310330233	99856.02	99937.89	0.16	0.29	1.16	7	828
310333330	99856.42	99937.13	0.12	0.2	0.9	7	829
311003021	99855.81	99937.3	0.15	0.18	0.79	7	830
311012111	99856	99937.52	0.16	0.22	0.93	7	831
311021202	99855.78	99938.13	0.15	0.18	0.95	7	832
311030233	99855.77	99938.23	0.18	0.21	0.95	7	833
311033330	99855.31	99938.68	0.16	0.16	0.91	7	834
311103021	99855.11	99937.14	0.16	0.19	0.92	7	835
311112112	99855.65	99936.8	0.14	0.17	0.92	7	836
311121203	99854.59	99935.09	0.14	0.18	0.89	7	837
311130300	99854.73	99936.99	0.16	0.17	0.97	7	838
311133331	99855.02	99936.16	0.16	0.19	0.92	7	839
311203023	99854.75	99936.4	0.18	0.21	0.93	7	840
311212120	99854.76	99935.94	0.13	0.19	0.89	7	841
311221210	99853.37	99936.05	0.16	0.24	0.95	7	842
311230301	99854.27	99936.58	0.22	0.2	0.97	7	843
311233332	99853.78	99935.9	0.20	0.22	0.92	7	844
311303022	99853.75	99935.42	0.16	0.25	1.01	7	845
311312123	99853.42	99934.86	0.19	0.25	0.79	7	846
311321221	99853.81	99934.99	0.19	0.18	0.97	7	847
311330312	99853.63	99935.22	0.19	0.22	0.94	7	848
312000003	99853.41	99936.13	0.13	0.02	1.08	7	849
312003100	99854.07	99936.61	0.06	0.35	1.09	7	850
312012130	99855.04	99935.84	0.18	0.32	1.04	7	851
312021221	99854.02	99935.81	0.26	0.15	0.75	7	852
312030312	99854.7	99935.27	-0.02	0.28	0.67	7	853
312100003	99854.8	99934.98	0.21	0.19	1.27	7	854
312110000	99854.66	99934.59	0.19	0.13	0.95	7	855
312113031	99854.97	99932.52	0.12	-0.07	0.94	7	856
312122122	99854.84	99931.03	0.09	0.13	0.72	7	857
312131313	99856.53	99934.15	0.29	0.13	0.89	7	858
312201010	99855.95	99934.09	0.26	-0.02	1.14	7	859
312210102	99856.47	99936.67	0.21	0.31	1.26	7	860
312213133	99855.98	99935.83	0.19	-0.07	0.72	7	861
312222223	99855.78	99934.88	0.23	0.05	0.68	7	862
312231320	99856.07	99937.13	0.44	0.23	1.44	7	863
312301011	99856.17	99936.7	0.30	0.14	1.27	7	864
312310103	99855.22	99936.22	0.16	0.21	0.81	7	865
312313133	99857.06	99936.12	0.34	0.4	0.66	7	866
312322231	99856.55	99936.36	0.10	0.29	0.8	7	867
312331321	99856.38	99937.09	0.36	0.19	1.11	7	868
313001012	99856.05	99937.93	0.14	0.11	0.65	7	869
313010103	99855.81	99936.91	0.28	0.41	1.18	7	870
313013200	99855.1	99936.35	0.37	-0.17	0.64	7	871
313022231	99856.66	99938.92	0.17	0.68	1.16	7	872
313031322	99857.86	99940.36	0.37	0.4	1.26	7	873
313101013	99856.59	99940.66	0.17	0.46	1.04	7	874
313110110	99856.96	99941.86	0.27	0.2	0.71	7	875
313113201	99856.17	99943.38	0.81	0.58	0.78	7	876
313122231	99855.86	99944.11	0.19	0.05	0.67	7	877
313131331	99856.33	99945.77	0.27	0.47	0.96	7	878
313201022	99857.59	99946.75	0.44	0.65	0.87	7	879
313210113	99856.84	99947.23	0.88	0.41	1.52	7	880
313213210	99856.83	99947.82	0.06	0.54	0.53	7	881
313222301	99857.46	99948.76	0.50	-0.04	1.09	7	882
313231332	99857.76	99949.55	0.16	0.1	1	7	883
313301023	99857.75	99948.63	0.16	0.22	1.03	7	884
313310121	99857.2	99949.44	0.24	-0.01	0.82	7	885
313313212	99856.98	99949.78	-0.27	-0.4	0.12	7	886
313322303	99856.9	99949.37	0.01	-0.31	0.46	7	887
313332000	99857.28	99949.37	0.42	0.23	0.91	7	888
320001031	99857.05	99951.09	0.02	-0.12	0.73	7	889
320010122	99856.31	99951.83	0.16	0.08	0.99	7	890
320013213	99856.45	99952.77	0.19	0.42	0.99	7	891
320022310	99856.39	99954.31	0.49	0.12	1.23	7	892
320032000	99857.02	99955.5	0.28	-0.18	0.86	7	893
320101032	99856.59	99956.31	0.23	0.26	1.14	7	894
320110123	99856.95	99958.54	0.26	-0.37	0.57	7	895
320113220	99856.99	99959.98	0.22	0.14	0.6	7	896
320122311	99856.69	99961.42	0.42	0.21	0.92	7	897
320132002	99857.14	99961.78	-0.01	0	0.77	7	898
320201033	99857.28	99963.13	0.58	0.21	1.78	7	899
320210130	99856.84	99964.64	0.29	0.19	1.26	7	900
320213221	99856.34	99966.38	0.29	-0.14	0.86	7	901
320222311	99857.91	99967.38	0.21	0.08	1.14	7	902
320232133	99857.2	99969.95	0.31	-0.07	0.5	7	903
320301230	99857.89	99970.13	0.30	0.09	1.1	7	904
320310321	99856.47	99970.38	0.00	-0.06	0.48	7	905
320320012	99858.42	99971.44	0.19	-0.24	0.4	7	906
320323103	99857.16	99971.77	0.54	0.44	1.3	7	907
320332133	99857.22	99971.86	0.50	0.22	1.63	7	908
321001230	99856.42	99972.29	0.31	0.34	1.18	7	909
321010321	99857.33	99973.91	0.32	0.02	0.62	7	910
321020012	99856.55	99975.55	0.51	0.23	0.79	7	911
321023103	99856.17	99974.21	0.34	0.06	0.71	7	912
321033112	99857.34	99978.13	0.37	0.23	0.8	7	913
321102203	99858.15	99978.3	0.27	0.03	0.91	7	914
321111301	99857.98	99979.67	0.08	0.09	0.54	7	915
321120332	99858.25	99980.55	0.32	0.09	0.88	7	916
321130023	99856.02	99980.16	0.42	-0.24	0.99	7	917
321133120	99856	99979.1	0.27	0.22	1.02	7	918
321202211	99855.97	99980	0.44	0.28	1.2	7	919
321211302	99856.13	99979.75	0.38	0.13	0.95	7	920
321220332	99857.04	99981.15	0.21	0.12	0.79	7	921
321230323	99856.67	99981.49	0.28	0.15	0.63	7	922
321300020	99856.7	99981.3	0.67	0.25	1.22	7	923
321303111	99857.48	99980.86	0.46	-0.03	0.4	7	924
321312202	99855.23	99979.72	0.36	0.01	0.7	7	925
321321233	99856.83	99979.87	0.52	0.13	1.2	7	926
321330330	99856.73	99980.11	0.37	0.28	0.98	7	927
322000021	99857.23	99980.43	0.18	-0.06	0.38	7	928
322003112	99857.2	99980.37	0.28	0.12	0.56	7	929
322012203	99856.25	99980.95	0.53	-0.03	1.24	7	930
322021300	99855.63	99981.41	0.51	0.08	0.97	7	931
322030331	99856.23	99980.94	0.46	0.09	0.85	7	932
322100022	99856.84	99980.34	0.40	-0.01	0.76	7	933
322103112	99855.98	99978.19	0.23	0.19	1.04	7	934
322112203	99855.54	99977.81	0.23	-0.03	1.13	7	935
322121301	99855.92	99977.8	0.43	0.14	1.09	7	936
322130332	99856.48	99977.9	0.19	-0.01	0.64	7	937
322200023	99856.55	99975.55	0.35	-0.01	0.63	7	938
322203121	99855.44	99975.84	0.45	0.21	0.93	7	939
322212212	99855.88	99976.17	0.39	0.2	0.79	7	940
322221303	99855.48	99976.65	0.35	0	0.61	7	941
322231000	99856.1	99976.73	0.29	0.08	0.68	7	942
322300030	99856.24	99976.52	0.47	0.09	0.96	7	943
322303121	99856.94	99974.51	0.44	0.16	0.87	7	944
322312212	99857.36	99973.88	0.39	0.14	0.87	7	945
322321303	99857.41	99974.22	0.45	0.09	0.85	7	946
322331000	99857.3	99974.21	0.44	0.11	0.88	7	947
323000031	99856.94	99976.97	0.38	0.13	0.83	7	948
323003123	99857.04	99975.44	0.41	0.13	0.94	7	949
323012213	99856.98	99975.46	0.38	0.11	0.83	7	950
323021310	99856.95	99975.7	0.40	0.12	0.85	7	951
323031001	99856.27	99976.05	0.37	0.09	0.77	7	952
323100032	99855.75	99976.3	0.29	0.13	0.79	7	953
323103123	99856.77	99974.52	0.44	0.21	0.96	7	954
323112213	99856.03	99975.33	0.40	0.23	0.94	7	955
323121310	99856.36	99974.91	0.38	0.16	0.77	7	956
323131002	99857.14	99974.86	0.39	0.13	0.85	7	957
323200033	99857.94	99974.53	0.39	0.11	0.96	7	958
323203123	99857.42	99974.2	0.38	0.08	0.83	7	959
323212220	99856.71	99974.84	0.36	0.14	0.84	7	960
323221311	99857.02	99976.45	0.38	0.09	0.93	7	961
323231002	99857.13	99975.67	0.41	0.2	0.92	7	962
323300033	99857.84	99974.98	0.37	0.16	0.78	7	963
323303130	99857.11	99975.64	0.42	0.17	0.83	7	964
323312221	99856.73	99975.46	0.41	0.18	0.92	7	965
323321312	99857.19	99975.92	0.37	0.16	0.92	7	966
323331003	99858.24	99976.39	0.34	0.14	0.83	7	967
330000100	99857.28	99977	0.38	0.18	0.88	7	968
330003130	99857.74	99975.84	0.38	0.17	0.96	7	969
330013121	99857.95	99976.76	0.41	0.19	0.91	7	970
330022212	99856.41	99976.5	0.36	0.15	0.85	7	971
330031303	99856.81	99977.25	0.40	0.19	0.88	7	972
330101001	99856.94	99976.97	0.37	0.19	0.92	7	973
330110032	99856.8	99978.39	0.39	0.18	0.85	7	974
330113122	99856.94	99977.09	0.36	0.18	0.84	7	975
330122220	99857.92	99976.81	0.41	0.19	0.95	7	976
330131311	99856.48	99976.69	0.38	0.19	0.89	7	977
330201002	99857.88	99977.25	0.35	0.17	0.8	7	978
330210033	99857.05	99977.92	0.40	0.18	0.89	7	979
330213130	99857.26	99977.52	0.39	0.16	0.92	7	980
330222221	99856.58	99977.12	0.36	0.17	0.85	7	981
330231312	99857.33	99977.84	0.41	0.17	0.92	7	982
330301002	99856.86	99977.52	0.36	0.16	0.86	7	983
330310033	99857.91	99977.59	0.37	0.15	0.8	7	984
330313130	99858.23	99977.81	0.39	0.16	0.92	7	985
330322221	99857.73	99978.84	0.40	0.21	0.93	7	986
330331312	99858.12	99977.41	0.37	0.16	0.81	7	987
331001003	99857.73	99977.36	0.37	0.19	0.84	7	988
331010102	99856.77	99977.68	0.37	0.18	0.85	7	989
331013133	99857.28	99977.8	0.37	0.11	0.8	7	990
331022230	99857.76	99979.28	0.30	0.14	0.92	7	991
331031321	99857.17	99980.35	0.39	0.19	1	7	992
331101011	99857.36	99980.97	0.40	0.15	0.93	7	993
331110221	99858.04	99981.75	0.42	0.18	0.96	7	994
331113312	99858.41	99982.35	0.36	0.15	0.86	7	995
331123003	99857.68	99982.4	0.43	0.14	0.97	7	996
331132033	99859.08	99983.02	0.45	0.21	1	7	997
331201130	99857.78	99981.46	0.43	0.16	0.87	7	998
331210221	99857.44	99981.85	0.38	0.07	0.76	7	999
331213312	99858.11	99983.12	0.44	0.13	0.91	7	1000
331223003	99857.37	99982.91	0.46	0.13	0.92	7	1001
331232100	99857.71	99982.41	0.37	0.09	0.8	7	1002
331301131	99857.3	99981.96	0.37	0.11	0.81	7	1003
331310222	99857.55	99982.38	0.40	0.13	0.84	7	1004
331313312	99857.95	99982.09	0.37	0.12	0.75	7	1005
331323003	99858.11	99982.25	0.49	0.18	1.03	7	1006
331332100	99858.16	99980.81	0.46	0.17	1.04	7	1007
332001131	99858.7	99979.36	0.36	0.14	0.85	7	1008
332010222	99858.09	99979.17	0.38	0.21	0.76	7	1009
332013313	99857.81	99977.38	0.36	0.19	0.83	7	1010
332023010	99856.63	99976.27	0.36	0.24	0.99	7	1011
332032101	99857.47	99977.63	0.09	-0.43	0.26	7	1012
332101131	99857.79	99976.53	0.29	0.1	0.42	7	1013
332110222	99858.29	99975.91	0.70	0.26	1.26	7	1014
332113313	99857.48	99976.38	0.20	-0.1	0.82	7	1015
332123010	99858.13	99978.88	0.25	0.8	1.03	7	1016
332132211	99857.08	99980.57	0.67	0.57	1.2	7	1017
332201303	99857.92	99981.41	0.15	0.48	0.65	7	1018
332210333	99857.98	99983.25	0.37	0.18	1.05	7	1019
332220031	99857.94	99983.95	0.70	0.24	1.52	7	1020
332223121	99857.29	99984.34	0.22	0.84	1.09	7	1021
332232212	99858.41	99985.5	0.38	0.23	1.21	7	1022
332301303	99858.63	99985.77	-0.04	-0.01	0.52	7	1023
332311001	99858.5	99985.23	-0.15	0.47	0.79	7	1024
332320032	99858.25	99984.79	0.42	0.19	1.04	7	1025
332323122	99857.84	99985.3	0.18	0.59	1.1	7	1026
332333131	99858.91	99986.97	-0.04	-0.33	0.89	7	1027
333002222	99858.51	99987.59	0.28	0.06	1.1	7	1028
333011313	99857.37	99986.98	0.16	-0.15	0.33	7	1029
333021011	99857.46	99985.84	0.36	0.68	0.89	7	1030
333030101	99857.88	99986.09	0.32	0.38	1.15	7	1031
333033132	99857.75	99985.46	0.42	0.38	0.9	7	1032
333102223	99857.24	99985.95	0.67	0.24	0.67	7	1033
333111320	99857.84	99987.64	0.42	0.48	0.62	7	1034
333121012	99857.87	99987.76	0.50	0.15	0.97	7	1035
333130103	99857.95	99988.97	0.21	0.25	0.91	7	1036
333133200	99856.88	99990.01	0.18	-0.17	0.58	7	1037
333202231	99857.39	99992.02	0.52	-0.13	0.79	7	1038
333211322	99857.46	99992.31	0.38	0.27	0.94	7	1039
333221013	99856.94	99995.27	0.38	0.3	1.29	7	1040
333230110	99858.23	99995.91	0.53	0.56	1.03	7	1041
333300300	99857.78	99998.53	0.70	0.46	1.29	7	1042
333303331	99857.11	100000.34	0.37	-0.01	0.82	7	1043
333313022	99857.41	100000.89	0.72	0.23	1.25	7	1044
333322113	99857.5	100003.08	0.43	0.09	1.04	7	1045
333331210	99857.07	100003.61	0.18	0.2	0.4	7	1046
1000000301	99858.12	100006	0.13	0.25	0.59	7	1047
1000003332	99856.8	100006.38	0.47	0.25	1.58	7	1048
1000013023	99857.55	100009.48	0.23	0.63	1.31	7	1049
1000022120	99858.13	100010.02	0.20	0.23	0.33	7	1050
1000032112	99858.1	100013.27	0.60	0.42	0.91	7	1051
1000101203	99856.58	100013.04	0.43	0.1	1.36	7	1052
1000110300	99857.3	100013.7	0.26	0.19	0.5	7	1053
1000113331	99857.59	100015.03	0.14	0.08	0.24	7	1054
1000123023	99856.95	100016.66	0.40	0.05	1.24	7	1055
1000132120	99856.52	100016.13	0.41	0.42	1.21	7	1056
1000201210	99857.61	100016.88	0.71	0.42	0.92	7	1057
1000210301	99857.91	100016.84	-0.01	0.21	0.25	7	1058
1000213332	99857.17	100016.09	0.59	0.09	0.71	7	1059
1000223323	99857.76	100015.75	0.27	0.03	0.54	7	1060
1000233020	99857.68	100015.77	0.43	0.31	1.18	7	1061
1000302110	99856.97	100015.65	0.58	0.4	1.17	7	1062
1000311201	99857.39	100015.2	0.22	0.15	0.77	7	1063
1000321010	99857.74	100015.73	0.28	0.16	0.83	7	1064
1000330101	99858.67	100017.13	0.40	0.09	1.07	7	1065
1000333132	99858.68	100017.03	0.32	0.2	0.86	7	1066
1001002223	99858.05	100016.78	0.40	0.26	0.71	7	1067
1001011320	99857.2	100016.45	0.43	0.27	0.77	7	1068
1001021011	99858.06	100015.3	0.38	0.34	0.91	7	1069
1001030102	99856.78	100016.18	0.37	0.14	1.04	7	1070
1001033133	99857.17	100014.42	0.14	0.27	0.73	7	1071
1001102230	99856.77	100015.24	0.18	0.02	0.47	7	1072
1001112221	99856.45	100015.43	0.21	0.22	0.8	7	1073
1001121312	99857	100015.72	0.41	0.14	1.26	7	1074
1001131003	99857.38	100015.55	0.14	0.08	0.72	7	1075
1001200033	99857.09	100015.09	0.23	0.18	0.86	7	1076
1001203303	99856.96	100015.5	0.25	0.33	0.9	7	1077
1001213000	99857.14	100015.73	0.20	0.15	1.08	7	1078
1001222031	99855.88	100015.87	0.46	0.26	1.37	7	1079
1001231122	99856.67	100015.1	0.45	0.31	1.04	7	1080
1001300212	99856	100016.23	0.11	0.02	0.3	7	1081
1001303310	99855.61	100016.98	0.13	0.16	0.45	7	1082
1001313001	99856.5	100016.55	0.36	0.14	1	7	1083
1001322032	99856.41	100016.64	0.24	0.3	1.17	7	1084
1001331122	99856.52	100015.16	0.30	0.09	0.76	7	1085
1002003001	99856.4	100016.11	0.31	0.21	1.11	7	1086
1002012032	99856.6	100016.31	0.27	0.12	0.57	7	1087
1002021123	99856.48	100016.09	0.25	0.02	0.72	7	1088
1002030220	99856.41	100015.96	0.45	0.1	0.9	7	1089
1002033311	99856.2	100017.16	0.33	0.45	0.98	7	1090
1002103002	99855.52	100018.36	0.34	0.14	0.92	7	1091
1002112032	99856.08	100016.84	0.23	0.14	0.62	7	1092
1002121123	99856.19	100016.7	0.57	0.2	0.96	7	1093
1002130220	99856.27	100016.2	0.37	0.2	0.87	7	1094
1002133311	99855.98	100015.63	0.28	0.12	0.68	7	1095
1002203002	99855.59	100015.32	0.34	0.21	1.22	7	1096
1002212033	99856.19	100015.97	0.44	0.21	1.12	7	1097
1002221130	99855.94	100016.78	0.17	0.21	0.56	7	1098
1002230221	99855.84	100017.63	0.30	0.17	0.96	7	1099
1002233312	99856.81	100018.7	0.59	0.33	1.12	7	1100
1002303003	99856.05	100018.07	0.27	-0.1	0.42	7	1101
1002312100	99854.98	100016.05	0.34	0.1	0.61	7	1102
1002321131	99855.46	100016.12	0.43	0.35	1.14	7	1103
1002330222	99855.95	100016.57	0.54	0.31	1.21	7	1104
1002333313	99855.27	100016.88	0.27	0.1	0.48	7	1105
1003003011	99855.95	100016.23	0.02	0.13	0.41	7	1106
1003012101	99856.69	100016.84	0.56	0.35	0.98	7	1107
1003021132	99855.9	100017.34	0.40	0.19	1.04	7	1108
1003030332	99856.11	100016.1	0.27	0.02	0.31	7	1109
1003100022	99855.45	100016.53	0.57	0.28	1.19	7	1110
1003103120	99854.64	100016.96	0.31	0.1	0.55	7	1111
1003112211	99855.14	100016.55	0.21	0.13	0.63	7	1112
1003121302	99856.03	100016.4	0.39	0.44	1.11	7	1113
1003130333	99856.31	100015.45	0.54	0.25	1.05	7	1114
1003200030	99855.24	100015.8	0.38	0.34	0.61	7	1115
1003203121	99855.41	100017.11	0.48	0.19	0.76	7	1116
1003212212	99855.2	100016.95	0.54	0.18	0.91	7	1117
1003221303	99855.45	100016.61	0.42	0.21	0.63	7	1118
1003231000	99855.16	100017.3	0.48	0.15	0.85	7	1119
1003300031	99855.45	100018.02	0.48	0.18	0.9	7	1120
1003303122	99855.28	100017.23	0.40	0.24	1	7	1121
1003312212	99854.78	100017.25	0.41	0.28	0.99	7	1122
1003321310	99854.77	100016.17	0.30	-0.02	0.64	7	1123
1003331001	99854.94	100017.08	0.37	0.19	0.82	7	1124
1010000032	99855.52	100017.17	0.46	0.22	0.92	7	1125
1010003123	99854.97	100017.34	0.42	0.19	0.81	7	1126
1010012220	99855.66	100016.31	0.27	0.13	0.5	7	1127
1010021311	99855.09	100017.05	0.47	0.12	0.88	7	1128
1010031002	99855.17	100017.06	0.59	0.21	1.05	7	1129
1010100033	99855.22	100016.59	0.43	0.01	0.62	7	1130
1010103130	99855.92	100016.17	0.40	0.03	0.68	7	1131
1010112221	99855.06	100015.64	0.36	0.13	0.75	7	1132
1010121312	99855.15	100016.19	0.49	0.12	1.05	7	1133
1010131133	99854.66	100015.61	0.47	0.18	0.99	7	1134
1010200231	99855.98	100016.06	0.40	0.19	0.84	7	1135
1010203322	99855.02	100015.16	0.55	0.2	0.83	7	1136
1010213012	99854.91	100015.67	0.48	0.16	0.72	7	1137
1010222110	99854.82	100017.43	0.53	0.22	0.84	7	1138
1010231201	99855.88	100015.7	0.58	0.25	0.96	7	1139
1010300232	99857.32	100016.76	0.50	0.19	0.72	7	1140
1010303323	99855.98	100017.33	0.47	0.2	0.81	7	1141
1010313020	99855.2	100017.92	0.50	0.22	0.89	7	1142
1010322111	99855.52	100017.85	0.50	0.13	0.76	7	1143
1010331202	99855.55	100017.83	0.49	0.14	0.84	7	1144
1011000233	99855.63	100017.56	0.47	0.18	0.72	7	1145
1011003330	99855.35	100018.23	0.50	0.16	0.76	7	1146
1011013021	99856.14	100018.11	0.51	0.17	0.81	7	1147
1011022112	99856.44	100018.51	0.49	0.15	0.78	7	1148
1011031203	99856.7	100016.46	0.51	0.2	0.74	7	1149
1011100233	99855.73	100018.63	0.50	0.2	0.83	7	1150
1011103330	99855.31	100018.12	0.54	0.17	0.87	7	1151
1011113021	99855.75	100016.45	0.48	0.12	0.74	7	1152
1011122112	99854.43	100016.18	0.52	0.18	0.77	7	1153
1011131203	99854.62	100017.06	0.47	0.15	0.78	7	1154
1011200300	99855.3	100017.41	0.52	0.16	0.84	7	1155
1011203331	99855.45	100017.34	0.66	0.23	0.84	7	1156
1011213022	99855.17	100017.51	0.25	-0.01	0.75	7	1157
1011222113	99856.22	100017.64	0.03	-0.3	0.89	7	1158
1011231210	99854.76	100018.34	-0.30	0.34	0.87	7	1159
1011301103	99855.23	100017.89	-0.42	-0.1	0.69	7	1160
1011310201	99856.3	100018.12	-0.24	0.14	1.16	7	1161
1011313232	99854.95	100016.72	-0.34	0.14	0.97	7	1162
1011322323	99855.01	100017.17	-0.36	0.02	0.88	7	1163
1011332020	99854.9	100018.04	-0.30	-0.05	0.88	7	1164
1012001111	99855.5	100017.8	-0.24	0.04	0.92	7	1165
1012010202	99855.61	100018.96	-0.19	0.13	0.96	7	1166
1012013233	99855.55	100018.7	-0.18	0.11	0.92	7	1167
1012022323	99854.77	100018.36	-0.17	0.04	0.98	7	1168
1012032321	99854.4	100018.65	-0.20	0.05	0.99	7	1169
1012102012	99856.5	100017.63	-0.21	0.02	0.87	7	1170
1012111103	99855.82	100018.28	-0.18	0.03	0.94	7	1171
1012120200	99855.29	100017.83	-0.19	0.01	0.98	7	1172
1012123231	99854.44	100016.4	-0.18	0.02	0.95	7	1173
1012132322	99855.19	100016.44	-0.14	0.02	0.94	7	1174
1012202012	99855.84	100016.32	-0.15	0.03	0.92	7	1175
1012211110	99855	100015.92	-0.18	0	0.96	7	1176
1012220201	99855.38	100016.36	-0.14	0	0.93	7	1177
1012223232	99856.21	100015.89	-0.12	0	0.95	7	1178
1012232330	99855.91	100016.77	-0.13	0.02	0.97	7	1179
1012302020	99855.64	100016.34	-0.13	0.04	0.95	7	1180
1012311111	99855.47	100015.7	-0.17	-0.01	0.97	7	1181
1012320202	99855.39	100015.62	-0.14	0.01	0.96	7	1182
1012323233	99855.09	100016.35	-0.16	0.03	0.93	7	1183
1012332330	99855.63	100015.35	-0.14	0.03	0.97	7	1184
1013002021	99856.21	100015.04	-0.16	0.01	0.96	7	1185
1013011112	99855.47	100015.02	-0.14	-0.02	0.93	7	1186
1013020203	99856.54	100016.36	-0.16	-0.04	0.95	7	1187
1013023300	99856.18	100017.13	-0.14	0.02	0.96	7	1188
1013032331	99856.23	100016.06	-0.14	0	0.99	7	1189
1013102022	99855.67	100015.73	-0.14	-0.01	0.95	7	1190
1013111113	99855.82	100015.53	-0.17	-0.03	0.95	7	1191
1013120210	99856.37	100014.63	-0.14	-0.01	0.96	7	1192
1013123301	99856.9	100016.75	-0.16	-0.01	0.97	7	1193
1013132332	99855.4	100015.41	-0.17	-0.02	0.96	7	1194
1013202023	99855.75	100015.77	-0.16	0.02	1	7	1195
1013211120	99855.54	100016.2	-0.15	0.02	0.96	7	1196
1013220211	99855.81	100015.47	-0.13	0.03	0.94	7	1197
1013223302	99856.11	100014.98	-0.15	0.01	0.94	7	1198
1013232333	99855.55	100015.05	-0.15	-0.01	0.97	7	1199
1013302023	99855.65	100014.38	-0.20	-0.06	0.9	7	1200
1013311121	99855.19	100013.82	-0.16	-0.03	0.94	7	1201
1013320212	99856.2	100013.87	-0.16	-0.04	0.93	7	1202
1013323303	99855.87	100014.82	-0.14	-0.01	0.92	7	1203
1013333000	99855.19	100016.37	-0.13	-0.02	0.95	7	1204
1020002032	99855.22	100015.84	-0.19	-0.03	0.94	7	1205
1020011123	99856.12	100015.06	-0.18	-0.02	0.96	7	1206
1020020220	99856.3	100015.88	-0.13	0	1	7	1207
1020023311	99855.88	100016.16	-0.15	-0.03	0.91	7	1208
1020033002	99855.65	100016.73	-0.18	-0.04	0.92	7	1209
1020102033	99855.86	100016.24	-0.12	0	0.98	7	1210
1020111130	99856.46	100016.17	-0.25	-0.05	0.93	7	1211
