Elevator	Base	Guess	Column1
100708.39	100795.55	7	1
100709.34	100795.51	7	2
100708.64	100796.07	7	3
100709.92	100796.26	7	4
100712.67	100796.28	7	5
100712	100796.61	7	6
100710.95	100796.82	7	7
100710.41	100796.84	7	8
100709.53	100796.03	7	9
100709.83	100795.31	7	10
100710.15	100795.72	7	11
100710.59	100796.98	7	12
100709.96	100796.18	7	13
100709.66	100796.08	7	14
100708.71	100796.29	7	15
100707.91	100796.72	7	16
100708.13	100795.64	7	17
100707.9	100795.52	7	18
100705.66	100796.19	7	19
100708	100795.97	7	20
100708.41	100795.95	7	21
100707.33	100796.58	7	22
100707.46	100796.27	7	23
100707.14	100796.1	7	24
100705.02	100796	7	25
100706.78	100796.77	7	26
100707.77	100796.38	7	27
100707.01	100796.16	7	28
100706	100796.28	7	29
100705.94	100797.27	7	30
100707.97	100797.16	7	31
100710.15	100796.02	7	32
100713.97	100796.46	7	33
100719	100797.46	7	34
100721.09	100796.7	7	35
100721.72	100797.07	7	36
100722.47	100796.43	7	37
100722.91	100796.64	7	38
100725	100797.55	7	39
100726.01	100797.5	7	40
100726.49	100796.77	7	41
100722.3	100797.63	7	42
100721.45	100796.86	7	43
100721.8	100796.38	7	44
100722.09	100797.09	7	45
100722.98	100797.53	7	46
100721.16	100797.49	7	47
100723.27	100798.47	7	48
100723.93	100797.93	7	49
100724.87	100798.55	7	50
100727.68	100797.36	7	51
100729.19	100797.16	7	52
100730.09	100797.08	6	53
100731.89	100796.38	6	54
100733.61	100796.84	6	55
100735.83	100798.84	6	56
100736.2	100797.66	6	57
100737.66	100797.04	6	58
100739.72	100797.23	6	59
100740.93	100797.41	6	60
100742.59	100797.61	6	61
100743.77	100798.6	6	62
100744.02	100798.21	6	63
100743.98	100797.79	6	64
100743.56	100796.84	6	65
100743.53	100796.73	6	66
100754.38	100796.42	6	67
100755.01	100796.57	6	68
100748.84	100797.94	6	69
100748.42	100797.94	6	70
100747.18	100796.63	6	71
100747.09	100797.21	6	72
100747.89	100796.58	6	73
100749.23	100797.11	6	74
100748.04	100796.63	6	75
100748.45	100796.57	6	76
100748.68	100797.77	6	77
100748.06	100797.75	6	78
100747.69	100796.35	6	79
100747.7	100796.78	6	80
100749.05	100797.14	6	81
100749.3	100797.52	6	82
100748.88	100796.66	6	83
100748.16	100797.85	6	84
100749.28	100796.95	6	85
100748.38	100797.8	6	86
100748.15	100797.19	6	87
100749.3	100797.38	6	88
100748.41	100796.84	6	89
100747.79	100796.59	6	90
100749.03	100797.54	6	91
100749.06	100797.88	6	92
100748.88	100797.89	6	93
100749.62	100797.69	6	94
100749.73	100797.29	6	95
100748.88	100797.41	6	96
100749.3	100797.84	6	97
100747.08	100797.87	6	98
100749.19	100797.2	6	99
100749.17	100797.84	6	100
100749.63	100797.99	6	101
100748.76	100797.72	6	102
100748.17	100797.28	6	103
100750.02	100797.79	6	104
100749.38	100798.6	6	105
100749.71	100797.45	6	106
100749.03	100797.44	6	107
100747.36	100797.97	6	108
100748.37	100798.19	6	109
100748.03	100797.97	6	110
100748.97	100798.14	6	111
100751.16	100798.3	6	112
100751.8	100799.09	6	113
100752.44	100798.91	6	114
100752.09	100798.86	6	115
100755.44	100798.91	6	116
100754.08	100798.19	6	117
100756.84	100798.08	6	118
100760.31	100798.06	6	119
100761.63	100798.57	6	120
100762.74	100798.22	6	121
100763.53	100798.13	6	122
100763.78	100798.3	6	123
100763.88	100799.41	6	124
100764.39	100799.7	6	125
100764.66	100798.91	6	126
100764.13	100798.07	6	127
100763.88	100798.63	6	128
100766.98	100798.39	6	129
100767.11	100797.96	6	130
100768.48	100798.84	6	131
100769.37	100798.18	6	132
100771.52	100798.02	5	133
100774.19	100798.09	5	134
100774.19	100798.69	5	135
100775.64	100798.03	5	136
100777.61	100797.19	5	137
100778.95	100797.63	5	138
100780.77	100798.8	5	139
100782.66	100798.91	5	140
100785.17	100798.39	5	141
100785.08	100797.91	5	142
100784.79	100797.68	5	143
100791.82	100797.54	5	144
100800.7	100795.14	5	145
100792.03	100796.62	5	146
100788.13	100796.8	5	147
100787.7	100796.45	5	148
100786.91	100796.95	5	149
100785.88	100797.06	5	150
100786.22	100797.16	5	151
100786.52	100796.79	5	152
100786.13	100796.47	5	153
100787.41	100797.05	5	154
100786.67	100798.41	5	155
100788.26	100798.13	5	156
100786.98	100798.24	5	157
100785.64	100796.43	5	158
100786.05	100796.3	5	159
100786.25	100796.66	5	160
100786.89	100796.44	5	161
100787.36	100797.38	5	162
100786.93	100796.95	5	163
100787.86	100797.4	5	164
100787.02	100798.03	5	165
100787.71	100797.36	5	166
100787.4	100796.59	5	167
100787.06	100797.17	5	168
100787.53	100798.38	5	169
100787.77	100797.42	5	170
100787.78	100797.59	5	171
100788.36	100797.42	5	172
100787.86	100797.89	5	173
100787.94	100798.33	5	174
100787.38	100798.02	5	175
100788.71	100797.38	5	176
100788.14	100797.95	5	177
100787.39	100797.41	5	178
100787.77	100796.26	5	179
100786.48	100797.99	5	180
100788.98	100797.11	5	181
100789.15	100796.61	5	182
100788.82	100796.72	5	183
100788.92	100796.99	5	184
100789.2	100797.26	5	185
100787.69	100796.9	5	186
100787.45	100797.69	5	187
100789	100798.27	5	188
100788.15	100799.1	5	189
100789.06	100798.32	5	190
100790.07	100797.05	5	191
100788.34	100796.89	5	192
100786.63	100797.49	5	193
100788.3	100797.27	5	194
100788.52	100797.48	5	195
100788.45	100796.26	5	196
100789.57	100796.34	5	197
100791.58	100796.96	5	198
100791.85	100797.7	5	199
100790.16	100797.99	5	200
100793.56	100798.36	5	201
100798.26	100797.51	5	202
100800.15	100797.22	5	203
100800.48	100797.08	5	204
100801.5	100796.8	5	205
100801.25	100796.25	5	206
100803.29	100797.15	5	207
100804.21	100797.48	5	208
100804.59	100797.81	5	209
100804.64	100797.98	5	210
100805.82	100797.98	5	211
100804.47	100798.15	5	212
100806.32	100797.73	5	213
100807.65	100797.33	4	214
100808.45	100797.23	4	215
100810.39	100798.46	4	216
100811.88	100797.95	4	217
100813.41	100797.16	4	218
100814.95	100797.59	4	219
100819.63	100797.61	4	220
100820.27	100796.38	4	221
100820.45	100797.72	4	222
100822.24	100797.84	4	223
100824.41	100797.73	4	224
100825.54	100797.72	4	225
100826.83	100797.16	4	226
100825.79	100798.13	4	227
100824.95	100797.6	4	228
100831.93	100797.22	4	229
100837.76	100798.1	4	230
100829.78	100798.35	4	231
100826.58	100797.44	4	232
100827.35	100797.45	4	233
100825.92	100797.69	4	234
100824.64	100797.87	4	235
100824.21	100798.84	4	236
100824.5	100798.34	4	237
100825	100797.37	4	238
100823.95	100797.24	4	239
100825.65	100797.53	4	240
100824.1	100797.35	4	241
100823.02	100797.78	4	242
100823.41	100797.77	4	243
100822.55	100797.49	4	244
100823.74	100797.94	4	245
100824.45	100797.54	4	246
100824.95	100798.14	4	247
100824.06	100796.33	4	248
100823.63	100797.1	4	249
100822.99	100796.66	4	250
100824.27	100797.53	4	251
100825.36	100797.13	4	252
100824.02	100796.87	4	253
100823.92	100797.18	4	254
100823.77	100797.63	4	255
100823.12	100796.77	4	256
100823.11	100796.28	4	257
100823.27	100796.91	4	258
100822.58	100796.93	4	259
100821.96	100797.58	4	260
100822.52	100796.23	4	261
100822.26	100796.88	4	262
100821.35	100796.93	4	263
100822.59	100796.79	4	264
100825.05	100797.06	4	265
100824.48	100797.27	4	266
100823.73	100797.17	4	267
100824.27	100795.85	4	268
100824.84	100795.52	4	269
100823.79	100795.66	4	270
100824.13	100796.55	4	271
100824.55	100796.88	4	272
100825.13	100796.74	4	273
100825.05	100796.87	4	274
100824.66	100796.22	4	275
100825.16	100796.63	4	276
100822.32	100796.26	4	277
100824.54	100797.16	4	278
100824.05	100796.27	4	279
100821.88	100796.7	4	280
100823.15	100796.77	4	281
100823.74	100796.11	4	282
100825.13	100796.11	4	283
100825.19	100796.94	4	284
100826.95	100797.02	4	285
100828.49	100796.43	4	286
100830.85	100796.78	4	287
100831.97	100795.56	4	288
100833	100796.23	4	289
100835.3	100796.02	4	290
100836.09	100796.64	4	291
100838.82	100795.89	4	292
100840.54	100796.39	4	293
100841.67	100796.54	4	294
100841.66	100796.98	4	295
100842.64	100796.7	4	296
100842.47	100797.45	4	297
100843.81	100796.45	3	298
100842.83	100795.89	3	299
100841.8	100795.93	4	300
100844.13	100796.63	3	301
100846.02	100796.16	3	302
100846.77	100796.66	3	303
100848.19	100796.87	3	304
100850.8	100796.73	3	305
100854.38	100796.73	3	306
100856.3	100796.93	3	307
100858.83	100797.51	3	308
100859.52	100797.5	3	309
100862.79	100797.34	3	310
100865.67	100797.03	3	311
100867.22	100796.97	3	312
100876.54	100796.56	3	313
100869.98	100797.41	3	314
100865.79	100796.88	3	315
100866.02	100796.99	3	316
100864.51	100797.05	3	317
100864.06	100796.32	3	318
100863.83	100795.84	3	319
100862.26	100796.37	3	320
100863.04	100795.82	3	321
100863.41	100796.43	3	322
100862.83	100797.16	3	323
100863.72	100797.07	3	324
100862.14	100796.42	3	325
100864.7	100796.68	3	326
100863.53	100796.88	3	327
100863.56	100796.1	3	328
100862.66	100796.3	3	329
100862.2	100797.2	3	330
100863.27	100796.53	3	331
100863.79	100795.91	3	332
100862.42	100796.15	3	333
100862.48	100797.06	3	334
100862.05	100795.52	3	335
100863.16	100795.48	3	336
100863.09	100794.84	3	337
100863.72	100796.3	3	338
100862.97	100796.47	3	339
100864	100795.56	3	340
100864.21	100794.88	3	341
100863.95	100796.17	3	342
100863.23	100796.39	3	343
100862.55	100795.74	3	344
100862.56	100795.34	3	345
100863.3	100796.63	3	346
100863.41	100797.62	3	347
100863.38	100797.6	3	348
100860.02	100797.09	3	349
100862.18	100797.89	3	350
100865.27	100797.13	3	351
100866.05	100797.01	3	352
100865.16	100797.01	3	353
100864.61	100796.72	3	354
100864.18	100797.17	3	355
100864.4	100797.83	3	356
100863.68	100797.17	3	357
100862.2	100798.21	3	358
100862.98	100797.93	3	359
100863.39	100797.8	3	360
100863.7	100797.46	3	361
100865.51	100797.86	3	362
100867.9	100797.27	3	363
100869.83	100797.07	3	364
100872.35	100797.7	3	365
100873.45	100798.13	3	366
100875.77	100797.43	3	367
100876.87	100797.7	3	368
100878.02	100797.1	3	369
100877.77	100798.5	3	370
100877.37	100798.09	3	371
100878.13	100798.23	3	372
100876.06	100797.56	3	373
100878.22	100796.82	3	374
100878.94	100796.8	3	375
100879.3	100797.3	3	376
100879.66	100797.73	3	377
100882.7	100797.02	3	378
100886.38	100797.12	2	379
100888.42	100797.08	2	380
100892.61	100796.11	2	381
100897.34	100796.3	2	382
100898.28	100796.44	2	383
100899.32	100796	2	384
100900.87	100796.7	2	385
100902.02	100796.81	2	386
100903.9	100797.2	2	387
100904.5	100797.52	2	388
100903.55	100797.75	2	389
100904.02	100797.07	2	390
100903.27	100796.82	2	391
100902.84	100796.66	2	392
100903.42	100796	2	393
100903.55	100797.49	2	394
100904.47	100796.81	2	395
100904.05	100796.16	2	396
100905.77	100796.85	2	397
100904.16	100796.34	2	398
100905.25	100796.41	2	399
100903.07	100797.03	2	400
100903.67	100796.46	2	401
100903.7	100796.44	2	402
100901.94	100797.08	2	403
100903.28	100796.91	2	404
100904.99	100795.3	2	405
100905.32	100795.09	2	406
100904.07	100795.59	2	407
100903.88	100795.93	2	408
100905.33	100795.34	2	409
100904.65	100795.52	2	410
100905.75	100795.61	2	411
100905.48	100795.76	2	412
100904.47	100796.59	2	413
100906.33	100796.58	2	414
100905.16	100795.98	2	415
100905.12	100795.84	2	416
100909.27	100796.3	2	417
100909.88	100795.97	2	418
100915.01	100797.81	2	419
100916.01	100797.02	2	420
100916.01	100796.8	2	421
100914.27	100796.66	2	422
100914.39	100797.34	2	423
100915.75	100795.7	2	424
100915.58	100796.45	2	425
100915.73	100796.82	2	426
100922.28	100797.2	2	427
100938.13	100795.5	1	428
100944.74	100796.24	1	429
100944.68	100797.48	1	430
100947.27	100796.41	1	431
100946.26	100796.8	1	432
100946.52	100796.38	1	433
100946.75	100796.13	1	434
100950.42	100796.53	1	435
100957.14	100797.3	1	436
100950.73	100797.27	1	437
100946.13	100797.75	1	438
100945.38	100796.62	1	439
100947.35	100795.48	1	440
100947.34	100796.62	1	441
100945.84	100796.11	1	442
100946.9	100795.31	1	443
100946.62	100795.05	1	444
100947.8	100794.97	1	445
100946.05	100795.31	1	446
100944.73	100796.69	1	447
100944.3	100797.66	1	448
100943.76	100796.78	1	449
100944.26	100796.48	1	450
100943.86	100796.55	1	451
100946.75	100796.63	1	452
100946.33	100796.72	1	453
100945.09	100796.56	1	454
100944.89	100796.86	1	455
100944.44	100797.05	1	456
100944.66	100796.39	1	457
100945.09	100796.95	1	458
100946.07	100798.09	1	459
100945.84	100797.57	1	460
100946.09	100797.06	1	461
100946.17	100797.57	1	462
100945.7	100797.67	1	463
100945.29	100797.24	1	464
100945.17	100797.41	1	465
100945.16	100797.14	1	466
