Elevator Base Guess
100708.39 100795.55 7
100709.34 100795.51 7
100708.64 100796.07 7
100709.92 100796.26 7
100712.67 100796.28 7
100712.00 100796.61 7
100710.95 100796.82 7
100710.41 100796.84 7
100709.53 100796.03 7
100709.83 100795.31 7
100710.15 100795.72 7
100710.59 100796.98 7
100709.96 100796.18 7
100709.66 100796.08 7
100708.71 100796.29 7
100707.91 100796.72 7
100708.13 100795.64 7
100707.90 100795.52 7
100705.66 100796.19 7
100708.00 100795.97 7
100708.41 100795.95 7
100707.33 100796.58 7
100707.46 100796.27 7
100707.14 100796.10 7
100705.02 100796.00 7
100706.78 100796.77 7
100707.77 100796.38 7
100707.01 100796.16 7
100706.00 100796.28 7
100705.94 100797.27 7
100707.97 100797.16 7
100710.15 100796.02 7
100713.97 100796.46 7
100719.00 100797.46 7
100721.09 100796.70 7
100721.72 100797.07 7
100722.47 100796.43 7
100722.91 100796.64 7
100725.00 100797.55 7
100726.01 100797.50 7
100726.49 100796.77 7
100722.30 100797.63 7
100721.45 100796.86 7
100721.80 100796.38 7
100722.09 100797.09 7
100722.98 100797.53 7
100721.16 100797.49 7
100723.27 100798.47 7
100723.93 100797.93 7
100724.87 100798.55 7
100727.68 100797.36 7
100729.19 100797.16 7
100730.09 100797.08 6
100731.89 100796.38 6
100733.61 100796.84 6
100735.83 100798.84 6
100736.20 100797.66 6
100737.66 100797.04 6
100739.72 100797.23 6
100740.93 100797.41 6
100742.59 100797.61 6
100743.77 100798.60 6
100744.02 100798.21 6
100743.98 100797.79 6
100743.56 100796.84 6
100743.53 100796.73 6
100754.38 100796.42 6
100755.01 100796.57 6
100748.84 100797.94 6
100748.42 100797.94 6
100747.18 100796.63 6
100747.09 100797.21 6
100747.89 100796.58 6
100749.23 100797.11 6
100748.04 100796.63 6
100748.45 100796.57 6
100748.68 100797.77 6
100748.06 100797.75 6
100747.69 100796.35 6
100747.70 100796.78 6
100749.05 100797.14 6
100749.30 100797.52 6
100748.88 100796.66 6
100748.16 100797.85 6
100749.28 100796.95 6
100748.38 100797.80 6
100748.15 100797.19 6
100749.30 100797.38 6
100748.41 100796.84 6
100747.79 100796.59 6
100749.03 100797.54 6
100749.06 100797.88 6
100748.88 100797.89 6
100749.62 100797.69 6
100749.73 100797.29 6
100748.88 100797.41 6
100749.30 100797.84 6
100747.08 100797.87 6
100749.19 100797.20 6
100749.17 100797.84 6
100749.63 100797.99 6
100748.76 100797.72 6
100748.17 100797.28 6
100750.02 100797.79 6
100749.38 100798.60 6
100749.71 100797.45 6
100749.03 100797.44 6
100747.36 100797.97 6
100748.37 100798.19 6
100748.03 100797.97 6
100748.97 100798.14 6
100751.16 100798.30 6
100751.80 100799.09 6
100752.44 100798.91 6
100752.09 100798.86 6
100755.44 100798.91 6
100754.08 100798.19 6
100756.84 100798.08 6
100760.31 100798.06 6
100761.63 100798.57 6
100762.74 100798.22 6
100763.53 100798.13 6
100763.78 100798.30 6
100763.88 100799.41 6
100764.39 100799.70 6
100764.66 100798.91 6
100764.13 100798.07 6
100763.88 100798.63 6
100766.98 100798.39 6
100767.11 100797.96 6
100768.48 100798.84 6
100769.37 100798.18 6
100771.52 100798.02 5
100774.19 100798.09 5
100774.19 100798.69 5
100775.64 100798.03 5
100777.61 100797.19 5
100778.95 100797.63 5
100780.77 100798.80 5
100782.66 100798.91 5
100785.17 100798.39 5
100785.08 100797.91 5
100784.79 100797.68 5
100791.82 100797.54 5
100800.70 100795.14 5
100792.03 100796.62 5
100788.13 100796.80 5
100787.70 100796.45 5
100786.91 100796.95 5
100785.88 100797.06 5
100786.22 100797.16 5
100786.52 100796.79 5
100786.13 100796.47 5
100787.41 100797.05 5
100786.67 100798.41 5
100788.26 100798.13 5
100786.98 100798.24 5
100785.64 100796.43 5
100786.05 100796.30 5
100786.25 100796.66 5
100786.89 100796.44 5
100787.36 100797.38 5
100786.93 100796.95 5
100787.86 100797.40 5
100787.02 100798.03 5
100787.71 100797.36 5
100787.40 100796.59 5
100787.06 100797.17 5
100787.53 100798.38 5
100787.77 100797.42 5
100787.78 100797.59 5
100788.36 100797.42 5
100787.86 100797.89 5
100787.94 100798.33 5
100787.38 100798.02 5
100788.71 100797.38 5
100788.14 100797.95 5
100787.39 100797.41 5
100787.77 100796.26 5
100786.48 100797.99 5
100788.98 100797.11 5
100789.15 100796.61 5
100788.82 100796.72 5
100788.92 100796.99 5
100789.20 100797.26 5
100787.69 100796.90 5
100787.45 100797.69 5
100789.00 100798.27 5
100788.15 100799.10 5
100789.06 100798.32 5
100790.07 100797.05 5
100788.34 100796.89 5
100786.63 100797.49 5
100788.30 100797.27 5
100788.52 100797.48 5
100788.45 100796.26 5
100789.57 100796.34 5
100791.58 100796.96 5
100791.85 100797.70 5
100790.16 100797.99 5
100793.56 100798.36 5
100798.26 100797.51 5
100800.15 100797.22 5
100800.48 100797.08 5
100801.50 100796.80 5
100801.25 100796.25 5
100803.29 100797.15 5
100804.21 100797.48 5
100804.59 100797.81 5
100804.64 100797.98 5
100805.82 100797.98 5
100804.47 100798.15 5
100806.32 100797.73 5
100807.65 100797.33 4
100808.45 100797.23 4
100810.39 100798.46 4
100811.88 100797.95 4
100813.41 100797.16 4
100814.95 100797.59 4
100819.63 100797.61 4
100820.27 100796.38 4
100820.45 100797.72 4
100822.24 100797.84 4
100824.41 100797.73 4
100825.54 100797.72 4
100826.83 100797.16 4
100825.79 100798.13 4
100824.95 100797.60 4
100831.93 100797.22 4
100837.76 100798.10 4
100829.78 100798.35 4
100826.58 100797.44 4
100827.35 100797.45 4
100825.92 100797.69 4
100824.64 100797.87 4
100824.21 100798.84 4
100824.50 100798.34 4
100825.00 100797.37 4
100823.95 100797.24 4
100825.65 100797.53 4
100824.10 100797.35 4
100823.02 100797.78 4
100823.41 100797.77 4
100822.55 100797.49 4
100823.74 100797.94 4
100824.45 100797.54 4
100824.95 100798.14 4
100824.06 100796.33 4
100823.63 100797.10 4
100822.99 100796.66 4
100824.27 100797.53 4
100825.36 100797.13 4
100824.02 100796.87 4
100823.92 100797.18 4
100823.77 100797.63 4
100823.12 100796.77 4
100823.11 100796.28 4
100823.27 100796.91 4
100822.58 100796.93 4
100821.96 100797.58 4
100822.52 100796.23 4
100822.26 100796.88 4
100821.35 100796.93 4
100822.59 100796.79 4
100825.05 100797.06 4
100824.48 100797.27 4
100823.73 100797.17 4
100824.27 100795.85 4
100824.84 100795.52 4
100823.79 100795.66 4
100824.13 100796.55 4
100824.55 100796.88 4
100825.13 100796.74 4
100825.05 100796.87 4
100824.66 100796.22 4
100825.16 100796.63 4
100822.32 100796.26 4
100824.54 100797.16 4
100824.05 100796.27 4
100821.88 100796.70 4
100823.15 100796.77 4
100823.74 100796.11 4
100825.13 100796.11 4
100825.19 100796.94 4
100826.95 100797.02 4
100828.49 100796.43 4
100830.85 100796.78 4
100831.97 100795.56 4
100833.00 100796.23 4
100835.30 100796.02 4
100836.09 100796.64 4
100838.82 100795.89 4
100840.54 100796.39 4
100841.67 100796.54 4
100841.66 100796.98 4
100842.64 100796.70 4
100842.47 100797.45 4
100843.81 100796.45 3
100842.83 100795.89 3
100841.80 100795.93 4
100844.13 100796.63 3
100846.02 100796.16 3
100846.77 100796.66 3
100848.19 100796.87 3
100850.80 100796.73 3
100854.38 100796.73 3
100856.30 100796.93 3
100858.83 100797.51 3
100859.52 100797.50 3
100862.79 100797.34 3
100865.67 100797.03 3
100867.22 100796.97 3
100876.54 100796.56 3
100869.98 100797.41 3
100865.79 100796.88 3
100866.02 100796.99 3
100864.51 100797.05 3
100864.06 100796.32 3
100863.83 100795.84 3
100862.26 100796.37 3
100863.04 100795.82 3
100863.41 100796.43 3
100862.83 100797.16 3
100863.72 100797.07 3
100862.14 100796.42 3
100864.70 100796.68 3
100863.53 100796.88 3
100863.56 100796.10 3
100862.66 100796.30 3
100862.20 100797.20 3
100863.27 100796.53 3
100863.79 100795.91 3
100862.42 100796.15 3
100862.48 100797.06 3
100862.05 100795.52 3
100863.16 100795.48 3
100863.09 100794.84 3
100863.72 100796.30 3
100862.97 100796.47 3
100864.00 100795.56 3
100864.21 100794.88 3
100863.95 100796.17 3
100863.23 100796.39 3
100862.55 100795.74 3
100862.56 100795.34 3
100863.30 100796.63 3
100863.41 100797.62 3
100863.38 100797.60 3
100860.02 100797.09 3
100862.18 100797.89 3
100865.27 100797.13 3
100866.05 100797.01 3
100865.16 100797.01 3
100864.61 100796.72 3
100864.18 100797.17 3
100864.40 100797.83 3
100863.68 100797.17 3
100862.20 100798.21 3
100862.98 100797.93 3
100863.39 100797.80 3
100863.70 100797.46 3
100865.51 100797.86 3
100867.90 100797.27 3
100869.83 100797.07 3
100872.35 100797.70 3
100873.45 100798.13 3
100875.77 100797.43 3
100876.87 100797.70 3
100878.02 100797.10 3
100877.77 100798.50 3
100877.37 100798.09 3
100878.13 100798.23 3
100876.06 100797.56 3
100878.22 100796.82 3
100878.94 100796.80 3
100879.30 100797.30 3
100879.66 100797.73 3
100882.70 100797.02 3
100886.38 100797.12 2
100888.42 100797.08 2
100892.61 100796.11 2
100897.34 100796.30 2
100898.28 100796.44 2
100899.32 100796.00 2
100900.87 100796.70 2
100902.02 100796.81 2
100903.90 100797.20 2
100904.50 100797.52 2
100903.55 100797.75 2
100904.02 100797.07 2
100903.27 100796.82 2
100902.84 100796.66 2
100903.42 100796.00 2
100903.55 100797.49 2
100904.47 100796.81 2
100904.05 100796.16 2
100905.77 100796.85 2
100904.16 100796.34 2
100905.25 100796.41 2
100903.07 100797.03 2
100903.67 100796.46 2
100903.70 100796.44 2
100901.94 100797.08 2
100903.28 100796.91 2
100904.99 100795.30 2
100905.32 100795.09 2
100904.07 100795.59 2
100903.88 100795.93 2
100905.33 100795.34 2
100904.65 100795.52 2
100905.75 100795.61 2
100905.48 100795.76 2
100904.47 100796.59 2
100906.33 100796.58 2
100905.16 100795.98 2
100905.12 100795.84 2
100909.27 100796.30 2
100909.88 100795.97 2
100915.01 100797.81 2
100916.01 100797.02 2
100916.01 100796.80 2
100914.27 100796.66 2
100914.39 100797.34 2
100915.75 100795.70 2
100915.58 100796.45 2
100915.73 100796.82 2
100922.28 100797.20 2
100938.13 100795.50 1
100944.74 100796.24 1
100944.68 100797.48 1
100947.27 100796.41 1
100946.26 100796.80 1
100946.52 100796.38 1
100946.75 100796.13 1
100950.42 100796.53 1
100957.14 100797.30 1
100950.73 100797.27 1
100946.13 100797.75 1
100945.38 100796.62 1
100947.35 100795.48 1
100947.34 100796.62 1
100945.84 100796.11 1
100946.90 100795.31 1
100946.62 100795.05 1
100947.80 100794.97 1
100946.05 100795.31 1
100944.73 100796.69 1
100944.30 100797.66 1
100943.76 100796.78 1
100944.26 100796.48 1
100943.86 100796.55 1
100946.75 100796.63 1
100946.33 100796.72 1
100945.09 100796.56 1
100944.89 100796.86 1
100944.44 100797.05 1
100944.66 100796.39 1
100945.09 100796.95 1
100946.07 100798.09 1
100945.84 100797.57 1
100946.09 100797.06 1
100946.17 100797.57 1
100945.70 100797.67 1
100945.29 100797.24 1
100945.17 100797.41 1
100945.16 100797.14 1